train_guid,influence,test_guid
0,-1.149841070175171,703
1,-0.1603483408689499,703
2,0.08201910555362701,703
3,-0.9591895341873169,703
4,-0.898725152015686,703
5,-0.36592546105384827,703
6,0.19294744729995728,703
7,-0.1821378916501999,703
8,-0.3671185374259949,703
9,3.982672691345215,703
10,-0.5066683888435364,703
11,-0.7911580801010132,703
12,-0.061708442866802216,703
13,-0.37487563490867615,703
14,-1.1188623905181885,703
15,-0.02912501059472561,703
16,-0.9706213474273682,703
17,0.12822994589805603,703
18,-0.4200042188167572,703
19,1.8591970205307007,703
20,0.07625848799943924,703
21,6.609705924987793,703
22,-0.1578361541032791,703
23,0.4157700836658478,703
24,-0.2550566792488098,703
25,0.07529665529727936,703
26,-0.29351842403411865,703
27,0.5830525159835815,703
28,0.6846020221710205,703
29,-0.43048444390296936,703
30,-0.4750024378299713,703
31,0.048958078026771545,703
32,-1.1405904293060303,703
33,-0.8421525955200195,703
34,-0.1570528894662857,703
35,1.3388218879699707,703
36,2.078848123550415,703
37,0.02108633518218994,703
38,-0.7475091218948364,703
39,0.1531970053911209,703
40,-0.9104944467544556,703
41,0.6262444853782654,703
42,-0.5645439624786377,703
43,0.6773571968078613,703
44,-0.38903018832206726,703
45,0.2980239987373352,703
46,-0.0968417301774025,703
47,-6.795289516448975,703
48,0.7692180871963501,703
49,0.1318405121564865,703
50,-0.2323637306690216,703
51,1.3524774312973022,703
52,-0.2852088212966919,703
53,0.02355995401740074,703
54,-0.2507796287536621,703
55,-0.5682840943336487,703
56,-0.1754104197025299,703
57,0.4021451473236084,703
58,-0.07644416391849518,703
59,-0.49310100078582764,703
60,0.615378737449646,703
61,-0.7037791013717651,703
62,-1.0918631553649902,703
63,-3.2296571731567383,703
64,-2.607361316680908,703
65,0.05961751937866211,703
66,-1.7249019145965576,703
67,-0.01808084547519684,703
68,-1.7994072437286377,703
69,0.02267049252986908,703
70,-0.6031970977783203,703
71,-0.30807849764823914,703
72,0.03535449504852295,703
73,-0.0518626868724823,703
74,-6.191239356994629,703
75,0.05895625054836273,703
76,0.18273606896400452,703
77,0.21056166291236877,703
78,-1.9988247156143188,703
79,0.5997130274772644,703
80,0.056960269808769226,703
81,-0.016826577484607697,703
82,1.2338230609893799,703
83,0.04068056493997574,703
84,0.3688603937625885,703
85,-3.1726956367492676,703
86,0.4883560538291931,703
87,0.6956139802932739,703
88,0.24874673783779144,703
89,0.20940181612968445,703
90,-0.9223459959030151,703
91,7.206660747528076,703
92,-0.3176950216293335,703
93,0.6544303894042969,703
94,8.757522583007812,703
95,1.1365336179733276,703
96,-0.3865055441856384,703
97,-0.21006375551223755,703
98,0.0704488456249237,703
99,0.2880149483680725,703
100,-0.4136134386062622,703
101,-0.07406491041183472,703
102,-1.5505094528198242,703
103,1.536612868309021,703
104,-2.183051109313965,703
105,5.199490070343018,703
106,-0.8521183729171753,703
107,-1.5134501457214355,703
108,0.9220266342163086,703
109,-0.06339576840400696,703
110,-1.3298285007476807,703
111,0.6336199045181274,703
112,0.04096055030822754,703
113,-0.0039013074710965157,703
114,-0.6025904417037964,703
115,-0.13929933309555054,703
116,-0.4024167060852051,703
117,0.1902342438697815,703
118,0.3859597444534302,703
119,-2.0170786380767822,703
120,0.09300313889980316,703
121,-1.149054765701294,703
122,-0.18749013543128967,703
123,-2.237436056137085,703
124,0.04416269063949585,703
125,-1.2704702615737915,703
126,2.590216636657715,703
127,0.002121884375810623,703
128,0.05471519008278847,703
129,0.1762571930885315,703
130,0.7100691199302673,703
131,-5.90456485748291,703
132,0.03394229710102081,703
133,0.006221519783139229,703
134,0.21093575656414032,703
135,5.7525129318237305,703
136,0.10034468024969101,703
137,-0.5339093208312988,703
138,-0.0749003142118454,703
139,-2.1413450241088867,703
140,0.32229748368263245,703
141,0.12564395368099213,703
142,0.8295313119888306,703
143,-1.5913498401641846,703
144,-0.9005926847457886,703
145,0.45110368728637695,703
146,-8.775879859924316,703
147,0.3809071183204651,703
148,-0.2789510190486908,703
149,2.4429988861083984,703
150,0.003934615291655064,703
151,-0.2208961844444275,703
152,-0.2689586579799652,703
153,0.869167685508728,703
154,0.28221720457077026,703
155,-1.970005989074707,703
156,0.024260632693767548,703
157,1.242658257484436,703
158,0.7379100918769836,703
159,-0.8779834508895874,703
160,2.5289618968963623,703
161,-0.444594144821167,703
162,0.101211316883564,703
163,1.3455545902252197,703
164,-0.3345450758934021,703
165,-0.38518208265304565,703
166,0.5561370849609375,703
167,0.8876785039901733,703
168,0.11555922031402588,703
169,-3.15348744392395,703
170,0.12969306111335754,703
171,-0.26137611269950867,703
172,3.4787654876708984,703
173,-0.563578724861145,703
174,0.05247819423675537,703
175,-1.6080669164657593,703
176,0.509125828742981,703
177,0.44379574060440063,703
178,-0.2454882264137268,703
179,0.857624888420105,703
180,-2.56781268119812,703
181,-1.08369779586792,703
182,3.3065764904022217,703
183,-1.6738245487213135,703
184,0.6263370513916016,703
185,1.1601011753082275,703
186,0.47225940227508545,703
187,-2.126967430114746,703
188,0.09317120909690857,703
189,0.10928625613451004,703
190,-8.15524673461914,703
191,1.7145596742630005,703
192,-0.31956952810287476,703
193,-1.9479775428771973,703
194,-0.7262154817581177,703
195,-0.9711267948150635,703
196,0.8053004741668701,703
197,0.6405983567237854,703
198,-1.6674065589904785,703
199,-0.44966015219688416,703
200,-1.2359999418258667,703
201,0.4743369221687317,703
202,-3.5818867683410645,703
203,-0.5405292510986328,703
204,0.369381308555603,703
205,0.04249612241983414,703
206,4.865581035614014,703
207,-0.5405194759368896,703
208,0.031187035143375397,703
209,-2.9985673427581787,703
210,0.07155784964561462,703
211,-0.8889033198356628,703
212,1.5303480625152588,703
213,-3.4625179767608643,703
214,0.411567747592926,703
215,0.5248594284057617,703
216,-0.0726156160235405,703
217,0.5087823867797852,703
218,-0.9164137840270996,703
219,0.033091187477111816,703
220,0.08982521295547485,703
221,-0.04247668385505676,703
222,-0.11451569199562073,703
223,0.6351941227912903,703
224,2.9032864570617676,703
225,0.4893224239349365,703
226,0.7031571865081787,703
227,-0.3698730170726776,703
228,-0.31012028455734253,703
229,0.638295590877533,703
230,1.8842380046844482,703
231,0.920672595500946,703
232,1.4664530754089355,703
233,0.41812068223953247,703
234,0.06091458350419998,703
235,-0.7776336073875427,703
236,-0.6599105000495911,703
237,-2.959764242172241,703
238,-0.6258898973464966,703
239,0.48514413833618164,703
240,0.03916856646537781,703
241,-4.139286994934082,703
242,-0.4181021451950073,703
243,0.1493971049785614,703
244,-3.4666543006896973,703
245,0.601097583770752,703
246,2.4431450366973877,703
247,-1.181969165802002,703
248,-0.8242921233177185,703
249,-0.6174548268318176,703
250,2.366240978240967,703
251,-1.1743593215942383,703
252,-0.09614528715610504,703
253,-4.2422709465026855,703
254,-3.9503285884857178,703
255,0.09360748529434204,703
256,-0.6808375120162964,703
257,-0.9860521554946899,703
258,0.11782542616128922,703
259,0.2346287965774536,703
260,-0.10566331446170807,703
261,0.704152524471283,703
262,-4.601537227630615,703
263,0.013115383684635162,703
264,0.22168484330177307,703
265,0.23685161769390106,703
266,-3.649123191833496,703
267,0.8212037086486816,703
268,-0.04390072450041771,703
269,0.3535265624523163,703
270,-1.1201461553573608,703
271,-0.20225247740745544,703
272,-1.8091627359390259,703
273,0.2302887737751007,703
274,0.9945425987243652,703
275,-0.01903991401195526,703
276,0.2080320119857788,703
277,0.2502572536468506,703
278,0.26353001594543457,703
279,-1.2498688697814941,703
280,1.668808937072754,703
281,1.9714044332504272,703
282,-0.5319499373435974,703
283,2.0414347648620605,703
284,-0.37434011697769165,703
285,1.0275163650512695,703
286,-0.09512586891651154,703
287,0.7465763092041016,703
288,0.014558859169483185,703
289,0.27151188254356384,703
290,5.317061424255371,703
291,0.8083861470222473,703
292,4.012601852416992,703
293,-3.198235034942627,703
294,0.2640306055545807,703
295,0.23766213655471802,703
296,0.6173486113548279,703
297,-4.453067302703857,703
298,-0.09401196986436844,703
299,-3.141796112060547,703
300,0.125637486577034,703
301,0.45935186743736267,703
302,-1.8369402885437012,703
303,1.5195081233978271,703
304,-0.3844953775405884,703
305,0.03626873344182968,703
306,-0.19718503952026367,703
307,-0.8536331653594971,703
308,0.0890255719423294,703
309,2.334033489227295,703
310,0.31172049045562744,703
311,3.642019271850586,703
312,0.22764354944229126,703
313,-0.2290046364068985,703
314,-1.2110369205474854,703
315,-1.959080696105957,703
316,-1.0473136901855469,703
317,-0.09323377907276154,703
318,-0.03330089896917343,703
319,0.9018635749816895,703
320,-0.08172741532325745,703
321,0.13120149075984955,703
322,0.357704758644104,703
323,0.11743089556694031,703
324,0.0470748245716095,703
325,7.800416946411133,703
326,-10.062026023864746,703
327,-0.06404784321784973,703
328,-0.09424443542957306,703
329,0.003907283302396536,703
330,-3.7611923217773438,703
331,-0.2944314479827881,703
332,-0.23452851176261902,703
333,-7.410796165466309,703
334,-0.41366827487945557,703
335,0.017347166314721107,703
336,0.6343213319778442,703
337,-0.2815783619880676,703
338,0.14105041325092316,703
339,-0.03363494575023651,703
340,1.5564931631088257,703
341,-3.447178840637207,703
342,2.383474588394165,703
343,-0.34173718094825745,703
344,-2.39286732673645,703
345,0.22748316824436188,703
346,-0.04024076461791992,703
347,3.9461097717285156,703
348,2.8087401390075684,703
349,-0.052018702030181885,703
350,-1.096050500869751,703
351,0.2172645926475525,703
352,-0.0592789463698864,703
353,0.234690859913826,703
354,0.052035167813301086,703
355,0.7287008762359619,703
356,0.04040452092885971,703
357,-0.33407658338546753,703
358,0.040833599865436554,703
359,0.19225402176380157,703
360,-2.040118932723999,703
361,1.2013511657714844,703
362,-1.1426926851272583,703
363,0.17617256939411163,703
364,-0.10568340122699738,703
365,0.14742371439933777,703
366,0.29005852341651917,703
367,0.10390003770589828,703
368,0.4553409218788147,703
369,0.8250018358230591,703
370,0.016681477427482605,703
371,0.13751302659511566,703
372,-3.5315449237823486,703
373,1.0922966003417969,703
374,0.09927615523338318,703
375,-0.5076906085014343,703
376,1.0072580575942993,703
377,-1.1161179542541504,703
378,0.007357701659202576,703
379,0.24103352427482605,703
380,-0.3310009241104126,703
381,0.039227839559316635,703
382,1.972312569618225,703
383,-0.9504709243774414,703
384,-0.3825269341468811,703
385,-5.429533004760742,703
386,0.009337838739156723,703
387,0.10782552510499954,703
388,-0.06764741241931915,703
389,1.7994576692581177,703
390,-0.31484219431877136,703
391,0.16727708280086517,703
392,0.19469304382801056,703
393,-2.05843448638916,703
394,-1.4320942163467407,703
395,-0.8407649993896484,703
396,0.06010277196764946,703
397,0.6345739364624023,703
398,-0.8094383478164673,703
399,-0.19144609570503235,703
400,-1.6666150093078613,703
401,0.21568773686885834,703
402,12.54503059387207,703
403,-1.558267593383789,703
404,-0.3093639314174652,703
405,2.91391921043396,703
406,0.001513530034571886,703
407,-0.010040000081062317,703
408,-0.2535640597343445,703
409,2.216099500656128,703
410,2.5445711612701416,703
411,-0.33833935856819153,703
412,0.5055131912231445,703
413,-0.20266380906105042,703
414,0.06509032100439072,703
415,0.22354087233543396,703
416,-0.03481322526931763,703
417,4.107654094696045,703
418,-2.69952654838562,703
419,-0.07663722336292267,703
420,-0.12393513321876526,703
421,1.0495723485946655,703
422,-1.2830579280853271,703
423,0.5759184956550598,703
424,-1.0109893083572388,703
425,-1.3122625350952148,703
426,1.3135615587234497,703
427,-1.1119933128356934,703
428,1.429324984550476,703
429,0.12479211390018463,703
430,-7.431848526000977,703
431,0.018527165055274963,703
432,-0.10965284705162048,703
433,-1.0466413497924805,703
434,-1.0274349451065063,703
435,-1.2902867794036865,703
436,-0.1630105823278427,703
437,-0.35312122106552124,703
438,2.3709981441497803,703
439,-0.3458060324192047,703
440,0.5329866409301758,703
441,-0.7664589285850525,703
442,-0.6192449927330017,703
443,-0.4506285786628723,703
444,1.5575047731399536,703
445,0.10086982697248459,703
446,2.487495183944702,703
447,-1.3859202861785889,703
448,0.4703499674797058,703
449,-0.37740716338157654,703
450,0.004324555397033691,703
451,0.11391018331050873,703
452,0.07862025499343872,703
453,1.3199831247329712,703
454,-0.0477130152285099,703
455,1.7345736026763916,703
456,-0.216045543551445,703
457,0.1421126425266266,703
458,-1.3400371074676514,703
459,1.9442435503005981,703
460,0.004768053535372019,703
461,0.11544927954673767,703
462,-1.4300447702407837,703
463,0.732408344745636,703
464,-0.30340778827667236,703
465,0.13726386427879333,703
466,-0.5476207733154297,703
467,-1.2309365272521973,703
468,-3.331827163696289,703
469,-0.22358755767345428,703
470,1.0990712642669678,703
471,0.19754180312156677,703
472,1.2473336458206177,703
473,0.04436421021819115,703
474,3.192720890045166,703
475,-6.834516525268555,703
476,-4.684999942779541,703
477,-0.012981893494725227,703
478,0.07222104072570801,703
479,0.46986615657806396,703
480,-1.1215705871582031,703
481,0.4304085969924927,703
482,-0.7136126756668091,703
483,-0.011331113055348396,703
484,-0.625259280204773,703
485,0.028042033314704895,703
486,4.096630096435547,703
487,0.1958111971616745,703
488,2.434319496154785,703
489,0.1110115647315979,703
490,1.5222642421722412,703
491,0.0628327950835228,703
492,2.7368826866149902,703
493,-0.014718303456902504,703
494,0.030333425849676132,703
495,0.04390493780374527,703
496,-0.8744293451309204,703
497,-0.0890859067440033,703
498,3.3975436687469482,703
499,-0.9604161977767944,703
500,0.21739724278450012,703
501,0.3422729969024658,703
502,1.1640061140060425,703
503,2.262507438659668,703
504,-0.05045807734131813,703
505,-0.062318041920661926,703
506,-0.07831799983978271,703
507,0.31117236614227295,703
508,-0.16625195741653442,703
509,-0.7156234383583069,703
510,-0.15722306072711945,703
511,0.11716234683990479,703
512,-1.259400725364685,703
513,-0.07809849083423615,703
514,0.08899985253810883,703
515,0.9111374616622925,703
516,2.961118698120117,703
517,0.040241893380880356,703
518,-3.361548900604248,703
519,-0.6949684619903564,703
520,-0.14785604178905487,703
521,-0.020335819572210312,703
522,-3.0825886726379395,703
523,0.03276485204696655,703
524,-2.174879312515259,703
525,0.11307143419981003,703
526,-4.25993537902832,703
527,0.24346929788589478,703
528,0.5384520888328552,703
529,-0.3213679790496826,703
530,0.17534171044826508,703
531,-0.8935210108757019,703
532,0.681583046913147,703
533,0.06345117837190628,703
534,-0.10222084075212479,703
535,-0.23132182657718658,703
536,-1.036478042602539,703
537,-2.2502427101135254,703
538,0.9480360746383667,703
539,-0.2552356719970703,703
540,-0.20350901782512665,703
541,-0.6190052032470703,703
542,0.056895844638347626,703
543,-1.8309249877929688,703
544,0.3017473816871643,703
545,0.129642516374588,703
546,-0.09256061911582947,703
547,0.0011965706944465637,703
548,-0.09572703391313553,703
549,-7.468671798706055,703
550,-0.19298812747001648,703
551,0.0585956797003746,703
552,-0.48679429292678833,703
553,-0.23379328846931458,703
554,-0.9525253772735596,703
555,0.09879647195339203,703
556,-1.4883339405059814,703
557,0.515207052230835,703
558,-0.7573542594909668,703
559,-0.11284056305885315,703
560,0.19538581371307373,703
561,-0.43275800347328186,703
562,-1.1588127613067627,703
563,-0.1562710702419281,703
564,-2.0252139568328857,703
565,2.4425010681152344,703
566,0.16273654997348785,703
567,-0.23426808416843414,703
568,0.7974436283111572,703
569,0.9957852959632874,703
570,-1.5671213865280151,703
571,-0.5901328325271606,703
572,0.7831360697746277,703
573,0.0568578876554966,703
574,0.5739864110946655,703
575,0.1388145536184311,703
576,-0.267861545085907,703
577,0.10152163356542587,703
578,-0.34377753734588623,703
579,-0.5460402965545654,703
580,0.20551082491874695,703
581,-7.375679016113281,703
582,0.028935138136148453,703
583,1.2513173818588257,703
584,1.9764819145202637,703
585,0.7175351977348328,703
586,-0.6585137248039246,703
587,-1.931499719619751,703
588,-2.393564462661743,703
589,0.014602869749069214,703
590,-4.503025531768799,703
591,-0.3998292088508606,703
592,-5.761370658874512,703
593,-0.8236145377159119,703
594,-1.8108644485473633,703
595,-0.06613127887248993,703
596,0.19542673230171204,703
597,0.12607043981552124,703
598,-0.3438919186592102,703
599,-0.1558939814567566,703
600,0.5023394823074341,703
601,-1.1219472885131836,703
602,0.07767769694328308,703
603,-0.10767006874084473,703
604,-0.7660264372825623,703
605,0.05992992967367172,703
606,-0.18647217750549316,703
607,5.18660831451416,703
608,0.01936102658510208,703
609,1.120792031288147,703
610,0.05736054480075836,703
611,-0.7113023996353149,703
612,0.06033569201827049,703
613,0.8551217317581177,703
614,2.8940865993499756,703
615,-0.18314962089061737,703
616,-0.45332035422325134,703
617,-9.998696327209473,703
618,0.20198696851730347,703
619,1.7640376091003418,703
620,-0.15526902675628662,703
621,-0.21139392256736755,703
622,-0.11424920707941055,703
623,-0.2516394257545471,703
624,1.0193537473678589,703
625,0.1877235472202301,703
626,0.008036326617002487,703
627,0.5682199001312256,703
628,-0.19606442749500275,703
629,0.031512364745140076,703
630,0.3898680806159973,703
631,-0.059840112924575806,703
632,0.07383648306131363,703
633,-0.2807820439338684,703
634,0.08875694870948792,703
635,-2.040431499481201,703
636,5.374395847320557,703
637,-0.03965171426534653,703
638,0.04389038681983948,703
639,0.11862054467201233,703
640,-0.25538578629493713,703
641,-0.4468091130256653,703
642,-2.9594662189483643,703
643,0.5137194991111755,703
644,-0.024267394095659256,703
645,2.0452375411987305,703
646,-0.048068515956401825,703
647,-0.9392036199569702,703
648,-0.11052609980106354,703
649,1.420135736465454,703
650,-3.041611909866333,703
651,0.06583792716264725,703
652,0.01956980675458908,703
653,2.5701050758361816,703
654,-0.38392990827560425,703
655,0.29523026943206787,703
656,3.927283763885498,703
657,1.7758255004882812,703
658,0.0785621851682663,703
659,0.02272753417491913,703
660,-0.4153883159160614,703
661,-0.1035798192024231,703
662,0.23928222060203552,703
663,1.3372364044189453,703
664,0.030517127364873886,703
665,0.473093181848526,703
666,0.12181451171636581,703
667,-0.45565497875213623,703
668,0.7170147895812988,703
669,1.718152403831482,703
670,-0.21338309347629547,703
671,-0.01786060631275177,703
672,0.06852027773857117,703
673,-0.09276343137025833,703
674,4.959885597229004,703
675,3.7988412380218506,703
676,3.6312928199768066,703
677,1.4497798681259155,703
678,-3.243424892425537,703
679,-3.364037036895752,703
680,-1.3534903526306152,703
681,2.3175153732299805,703
682,-1.4687573909759521,703
683,0.21251268684864044,703
684,0.22252175211906433,703
685,-9.542662620544434,703
686,5.5925397872924805,703
687,-0.24274712800979614,703
688,0.49911364912986755,703
689,5.179418087005615,703
690,0.11083070933818817,703
691,-0.7941963076591492,703
692,-0.054271601140499115,703
693,12.203719139099121,703
694,-0.701688289642334,703
695,0.10936626046895981,703
696,-1.2575031518936157,703
697,0.13648125529289246,703
698,0.3547278344631195,703
699,-0.5993219614028931,703
700,-0.13919085264205933,703
701,0.12809982895851135,703
702,-0.2579113841056824,703
703,0.2631687521934509,703
704,2.372878074645996,703
705,-0.31127268075942993,703
706,-0.008675750344991684,703
707,0.22428596019744873,703
708,-0.13326957821846008,703
709,0.040908630937337875,703
710,-5.67042350769043,703
711,-0.1280837059020996,703
712,-2.4578094482421875,703
713,-0.04047764837741852,703
714,0.0016120134387165308,703
715,0.16100993752479553,703
716,-0.9501915574073792,703
717,0.008284750394523144,703
718,2.1739211082458496,703
719,1.0073045492172241,703
720,-0.34034276008605957,703
721,-1.3589863777160645,703
722,-4.066802024841309,703
723,-0.4702494740486145,703
724,-0.31422337889671326,703
725,-0.7399957180023193,703
726,0.15094074606895447,703
727,-0.3855159878730774,703
728,2.2002742290496826,703
729,0.18520870804786682,703
730,0.05604744330048561,703
731,0.5796857476234436,703
732,0.7887462973594666,703
733,0.7639755606651306,703
734,-0.11531457304954529,703
735,-0.02237534150481224,703
736,1.3742449283599854,703
737,0.031223224475979805,703
738,2.51505446434021,703
739,3.5819833278656006,703
740,-0.4313264489173889,703
741,1.7204433679580688,703
742,0.35962748527526855,703
743,-0.3181174397468567,703
744,0.43074315786361694,703
745,-2.6079461574554443,703
746,6.017645359039307,703
747,0.8426948189735413,703
748,2.524118185043335,703
749,3.215731382369995,703
750,-0.3503139317035675,703
751,2.4176723957061768,703
752,0.011229416355490685,703
753,0.25384438037872314,703
754,-0.3105038106441498,703
755,0.10424251109361649,703
756,0.5434486269950867,703
757,-0.7105990052223206,703
758,-3.1359684467315674,703
759,-0.5871883034706116,703
760,0.21421033143997192,703
761,-4.605672836303711,703
762,0.07131664454936981,703
763,1.271992802619934,703
764,1.161806583404541,703
765,-0.8223910331726074,703
766,0.8484947681427002,703
767,0.07425747811794281,703
768,0.7665135860443115,703
769,-0.1447129249572754,703
770,1.88277006149292,703
771,-2.553659439086914,703
772,0.1317112147808075,703
773,0.08216504007577896,703
774,0.009330347180366516,703
775,-0.7175819277763367,703
776,0.5392093658447266,703
777,-1.6266337633132935,703
778,0.009194690734148026,703
779,1.7316840887069702,703
780,0.8842017650604248,703
781,0.0077818613499403,703
782,-0.009015083312988281,703
783,0.994253396987915,703
784,-0.032649926841259,703
785,-0.3145199716091156,703
786,-0.49048757553100586,703
787,0.19043956696987152,703
788,0.21988466382026672,703
789,-0.46850502490997314,703
790,0.13743536174297333,703
791,0.44633209705352783,703
792,1.0631117820739746,703
793,-0.020871780812740326,703
794,1.5277854204177856,703
795,0.1219441369175911,703
796,-2.1767566204071045,703
797,0.06278111040592194,703
798,-1.9432345628738403,703
799,0.6294660568237305,703
800,0.042360369116067886,703
801,0.13522011041641235,703
802,0.37784209847450256,703
803,-0.3247796893119812,703
804,0.5051138997077942,703
805,0.794762372970581,703
806,0.07968562841415405,703
807,0.12202557921409607,703
808,0.09295050799846649,703
809,-1.2778416872024536,703
810,0.12503018975257874,703
811,-0.37584421038627625,703
812,0.014220267534255981,703
813,0.38097211718559265,703
814,-3.0468502044677734,703
815,1.9813953638076782,703
816,-0.6910209655761719,703
817,0.9809366464614868,703
818,-0.22340041399002075,703
819,3.528780698776245,703
820,-0.5526058077812195,703
821,0.34983301162719727,703
822,-0.1413831114768982,703
823,0.6461691856384277,703
824,0.4781656265258789,703
825,-1.809242606163025,703
826,-0.04732806980609894,703
827,-0.42439326643943787,703
828,0.15588046610355377,703
829,1.8837788105010986,703
830,-0.7766975164413452,703
831,0.0026244893670082092,703
832,-0.30777740478515625,703
833,0.15971387922763824,703
834,0.3568331301212311,703
835,-0.06623691320419312,703
836,-0.5091986656188965,703
837,4.78372859954834,703
838,0.7481017708778381,703
839,0.006431375630199909,703
840,0.16577789187431335,703
841,0.010516906157135963,703
842,-0.18199129402637482,703
843,-6.074196815490723,703
844,0.24320608377456665,703
845,-0.44033223390579224,703
846,-0.002628037938848138,703
847,-3.653012990951538,703
848,0.7448213696479797,703
849,0.5190373063087463,703
850,-0.21428057551383972,703
851,-2.439257860183716,703
852,0.05914055183529854,703
853,0.02630416303873062,703
854,-0.3786934018135071,703
855,-2.8026628494262695,703
856,-0.4681858420372009,703
857,0.9223107695579529,703
858,0.04577440768480301,703
859,0.03524283319711685,703
860,0.07837246358394623,703
861,13.424181938171387,703
862,-0.04841402918100357,703
863,-0.5081528425216675,703
864,0.09603643417358398,703
865,0.4371802806854248,703
866,0.0903235524892807,703
867,-2.4939284324645996,703
868,-7.055800437927246,703
869,-1.4218695163726807,703
870,0.43441033363342285,703
871,-1.313346028327942,703
872,-0.8622567653656006,703
873,5.814746856689453,703
874,0.15044115483760834,703
875,0.3543604016304016,703
876,0.8961062431335449,703
877,0.1279800534248352,703
878,0.16129866242408752,703
879,5.620667934417725,703
880,-0.2841794192790985,703
881,0.04205361753702164,703
882,0.17032846808433533,703
883,-0.24860131740570068,703
884,-0.4301362633705139,703
885,0.1554480940103531,703
886,1.3322668075561523,703
887,0.06894896924495697,703
888,-0.11185134202241898,703
889,-0.041692063212394714,703
890,0.32248371839523315,703
891,-0.6957165002822876,703
892,-0.2664644718170166,703
893,0.24108020961284637,703
894,-0.03598090261220932,703
895,0.047990310937166214,703
896,1.0527623891830444,703
897,-0.019196830689907074,703
898,-0.6375927329063416,703
899,0.059957072138786316,703
900,0.8051232695579529,703
901,-0.39100196957588196,703
902,-0.4028676152229309,703
903,-2.326364755630493,703
904,0.017952457070350647,703
905,-0.666106104850769,703
906,0.011521823704242706,703
907,0.2969956398010254,703
908,-0.2393568605184555,703
909,0.13565503060817719,703
910,4.303532123565674,703
911,-5.105319976806641,703
912,-2.283259630203247,703
913,1.443496823310852,703
914,1.07150137424469,703
915,0.01595604419708252,703
916,3.315249443054199,703
917,0.17018431425094604,703
918,1.2521779537200928,703
919,-1.2124963998794556,703
920,-6.8803911209106445,703
921,0.21390971541404724,703
922,-0.08523698151111603,703
923,-0.47980743646621704,703
924,-0.37256714701652527,703
925,-0.015116920694708824,703
926,0.6711068749427795,703
927,0.2148711383342743,703
928,2.4399149417877197,703
929,0.1462748795747757,703
930,0.02283567190170288,703
931,1.3728251457214355,703
932,-1.9382801055908203,703
933,-3.1390130519866943,703
934,-0.3952367901802063,703
935,-0.7276325225830078,703
936,0.4925410747528076,703
937,0.0027424581348896027,703
938,-0.6804319620132446,703
939,-0.03386920690536499,703
940,0.03974538296461105,703
941,-0.4895205497741699,703
942,-0.3791404962539673,703
943,0.5516701340675354,703
944,-0.9341433048248291,703
945,-0.13784533739089966,703
946,5.783445358276367,703
947,0.09671846032142639,703
948,-0.3055705428123474,703
949,0.10027630627155304,703
950,-0.6159281134605408,703
951,0.038238998502492905,703
952,-0.24327805638313293,703
953,0.01930416002869606,703
954,0.4666314125061035,703
955,-0.02121041715145111,703
956,0.346364289522171,703
957,-0.19426463544368744,703
958,1.9806568622589111,703
959,0.1607263684272766,703
960,1.665785551071167,703
961,0.11808189004659653,703
962,3.116807222366333,703
963,-0.6614500284194946,703
964,0.09895427525043488,703
965,0.16979335248470306,703
966,-0.036241576075553894,703
967,-1.929139256477356,703
968,0.29763510823249817,703
969,0.6601727604866028,703
970,0.15639612078666687,703
971,-0.5478966236114502,703
972,0.15827667713165283,703
973,0.3002358376979828,703
974,0.8880083560943604,703
975,-4.769473552703857,703
976,-2.7227180004119873,703
977,-0.4740084707736969,703
978,0.25401341915130615,703
979,0.07394431531429291,703
980,0.06727735698223114,703
981,-0.2634389400482178,703
982,0.6853671073913574,703
983,0.3267762064933777,703
984,-2.4474833011627197,703
985,0.3993321657180786,703
986,-0.4033626317977905,703
987,0.10504377633333206,703
988,1.7623177766799927,703
989,-1.957566499710083,703
990,-0.27210742235183716,703
991,0.21082639694213867,703
992,0.719021201133728,703
993,0.010580245405435562,703
994,0.6572045087814331,703
995,-0.061000049114227295,703
996,-1.1059138774871826,703
997,-0.07986801862716675,703
998,-0.8405760526657104,703
999,0.18562228977680206,703
1000,0.03158627077937126,703
1001,0.8193089365959167,703
1002,0.014029102399945259,703
1003,0.9559813141822815,703
1004,0.14452636241912842,703
1005,-0.17402710020542145,703
1006,-0.10556039959192276,703
1007,1.5512864589691162,703
1008,-2.2255442142486572,703
1009,-5.212366104125977,703
1010,0.32732364535331726,703
1011,0.2165512889623642,703
1012,0.3024499714374542,703
1013,-2.6768410205841064,703
1014,0.06206687539815903,703
1015,0.4983481764793396,703
1016,0.013795425184071064,703
1017,0.9530842304229736,703
1018,0.0573701411485672,703
1019,-0.35767513513565063,703
1020,0.0026175868697464466,703
1021,0.3367634415626526,703
1022,0.015498001128435135,703
1023,2.0758655071258545,703
1024,-0.3225947916507721,703
1025,1.3966277837753296,703
1026,2.219045877456665,703
1027,-1.031525731086731,703
1028,0.7972818613052368,703
1029,0.200678288936615,703
1030,-1.5884113311767578,703
1031,2.273238182067871,703
1032,-2.2054336071014404,703
1033,0.008356675505638123,703
1034,0.35353296995162964,703
1035,0.044405497610569,703
1036,0.12495210766792297,703
1037,0.3402513265609741,703
1038,-0.19294513761997223,703
1039,1.0825343132019043,703
1040,0.24608492851257324,703
1041,0.8383269309997559,703
1042,0.011049997992813587,703
1043,0.4834774136543274,703
1044,0.16194480657577515,703
1045,0.2202063500881195,703
1046,0.1664440631866455,703
1047,0.026563584804534912,703
1048,0.1957462579011917,703
1049,-0.8494576215744019,703
1050,0.09404490888118744,703
1051,0.20284122228622437,703
1052,0.029619572684168816,703
1053,0.0946422889828682,703
1054,-1.076020359992981,703
1055,0.033132195472717285,703
1056,-0.51460200548172,703
1057,0.28092139959335327,703
1058,0.21621912717819214,703
1059,-0.08362430334091187,703
1060,0.11875934898853302,703
1061,-3.107565402984619,703
1062,-2.9332656860351562,703
1063,0.7442923784255981,703
1064,0.3696295917034149,703
1065,0.0047587258741259575,703
1066,-4.351478576660156,703
1067,0.6071750521659851,703
1068,7.136746883392334,703
1069,0.17620325088500977,703
1070,-1.4916043281555176,703
1071,-0.11340727657079697,703
1072,-0.05905306339263916,703
1073,2.253173828125,703
1074,0.5570539832115173,703
1075,-0.02944663166999817,703
1076,-5.906984806060791,703
1077,1.1142855882644653,703
1078,-2.1053380966186523,703
1079,-0.007312482222914696,703
1080,4.485109806060791,703
1081,1.1153868436813354,703
1082,0.8942222595214844,703
1083,-0.2952389717102051,703
1084,0.06551872193813324,703
1085,-0.4397426247596741,703
1086,1.392465353012085,703
1087,0.3953721225261688,703
1088,0.045757949352264404,703
1089,1.7417899370193481,703
1090,-0.1266295611858368,703
1091,0.932254433631897,703
1092,-2.3249590396881104,703
1093,0.0860976129770279,703
1094,-0.08962512016296387,703
1095,0.012034568935632706,703
1096,-2.8880791664123535,703
1097,0.17880208790302277,703
1098,0.6468989253044128,703
1099,-0.1909758597612381,703
1100,-0.04900150001049042,703
1101,2.0006208419799805,703
1102,0.10936424136161804,703
1103,1.661179780960083,703
1104,0.788105845451355,703
1105,-0.09395823627710342,703
1106,-0.004373181611299515,703
1107,-0.7537610530853271,703
1108,1.5228580236434937,703
1109,-0.49148598313331604,703
1110,1.7301225662231445,703
1111,-0.17604587972164154,703
1112,1.265302062034607,703
1113,0.6137197017669678,703
1114,0.017100820317864418,703
1115,-11.597535133361816,703
1116,-3.34631609916687,703
1117,-0.7586080431938171,703
1118,1.0329045057296753,703
1119,-0.5756070017814636,703
1120,1.1888272762298584,703
1121,3.047013282775879,703
1122,-8.510512351989746,703
1123,0.39039310812950134,703
1124,-0.09181492030620575,703
1125,-4.198320388793945,703
1126,0.026322010904550552,703
1127,-5.072406768798828,703
1128,-0.011351920664310455,703
1129,-0.6178809404373169,703
1130,0.017358945682644844,703
1131,0.12154817581176758,703
1132,-2.776503324508667,703
1133,-0.40190327167510986,703
1134,0.8739273548126221,703
1135,-1.4549790620803833,703
1136,-0.3730891942977905,703
1137,0.26161816716194153,703
1138,0.03984662890434265,703
1139,1.3320833444595337,703
1140,0.12004059553146362,703
1141,0.04533755034208298,703
1142,-0.8881901502609253,703
1143,0.18687568604946136,703
1144,0.172865629196167,703
1145,0.14211900532245636,703
1146,-0.6310235261917114,703
1147,-0.741581916809082,703
1148,-2.8091063499450684,703
1149,-0.16861969232559204,703
1150,-0.031405724585056305,703
1151,-0.7708672881126404,703
1152,0.3515958786010742,703
1153,-0.017207326367497444,703
1154,0.014629431068897247,703
1155,2.997422933578491,703
1156,1.151461124420166,703
1157,2.4479074478149414,703
1158,0.05736914277076721,703
1159,0.2218855619430542,703
1160,3.4014387130737305,703
1161,-0.26955509185791016,703
1162,0.25205618143081665,703
1163,-0.10290613770484924,703
1164,-1.3290112018585205,703
1165,4.457345485687256,703
1166,-0.389838844537735,703
1167,-1.052587628364563,703
1168,0.38673287630081177,703
1169,-2.780993938446045,703
1170,0.34197840094566345,703
1171,-0.11913508176803589,703
1172,-0.7426602244377136,703
1173,0.02959735319018364,703
1174,-1.5359973907470703,703
1175,1.1115325689315796,703
1176,0.23176144063472748,703
1177,-1.6513663530349731,703
1178,-0.27596572041511536,703
1179,5.5304365158081055,703
1180,0.6649696230888367,703
1181,-0.7968462705612183,703
1182,-1.2294963598251343,703
1183,0.21392740309238434,703
1184,-0.4863373041152954,703
1185,-0.2893025279045105,703
1186,-0.33554357290267944,703
1187,-0.035274967551231384,703
1188,-1.6237962245941162,703
1189,-3.112802267074585,703
1190,2.4402735233306885,703
1191,-0.6611565351486206,703
1192,0.43101656436920166,703
1193,-0.15825578570365906,703
1194,-0.1787840723991394,703
1195,-0.21125222742557526,703
1196,-0.4888274371623993,703
1197,0.4234304130077362,703
1198,1.769709825515747,703
1199,0.05441979318857193,703
1200,-0.18774625658988953,703
1201,-1.6671572923660278,703
1202,0.20026548206806183,703
1203,0.14604607224464417,703
1204,0.5608896613121033,703
1205,-0.5422115325927734,703
1206,0.2936142683029175,703
1207,-0.8491557240486145,703
1208,0.17682194709777832,703
1209,0.007515100762248039,703
1210,0.2350766956806183,703
1211,-0.06784883141517639,703
1212,0.23436011373996735,703
1213,0.02138620615005493,703
1214,0.13299021124839783,703
1215,-2.0034310817718506,703
1216,0.34675049781799316,703
1217,0.6539494395256042,703
1218,-0.005655116401612759,703
1219,-0.9926806688308716,703
1220,0.9471319913864136,703
1221,0.2721251845359802,703
1222,0.8893623352050781,703
1223,-1.7750828266143799,703
1224,-0.5920255184173584,703
1225,-1.4847625494003296,703
1226,-0.1826169341802597,703
1227,0.8345596790313721,703
1228,0.10612064599990845,703
1229,-2.4096274375915527,703
1230,-0.05776483938097954,703
1231,-3.206634759902954,703
1232,1.7641005516052246,703
1233,0.2478768229484558,703
1234,1.0817654132843018,703
1235,-2.492053747177124,703
1236,1.2902435064315796,703
1237,0.1498640775680542,703
1238,0.8698456287384033,703
1239,1.8444280624389648,703
1240,-0.31008878350257874,703
1241,0.12817120552062988,703
1242,-0.41479092836380005,703
1243,-3.304372787475586,703
1244,3.6116061210632324,703
1245,-1.1588202714920044,703
1246,0.286801815032959,703
1247,0.5730727910995483,703
1248,0.23255440592765808,703
1249,0.14380744099617004,703
1250,-1.551497220993042,703
1251,0.34211283922195435,703
1252,-0.31959712505340576,703
1253,0.8566650152206421,703
1254,-1.4291492700576782,703
1255,0.04892086237668991,703
1256,-1.0634684562683105,703
1257,0.12294363975524902,703
1258,0.5414944887161255,703
1259,-0.3259805142879486,703
1260,0.03196445479989052,703
1261,0.6456329226493835,703
1262,0.5661342144012451,703
1263,0.22754459083080292,703
1264,1.149113655090332,703
1265,-0.13401377201080322,703
1266,0.029727870598435402,703
1267,0.03984725475311279,703
1268,-0.22996167838573456,703
1269,0.0015055278781801462,703
1270,0.1320980191230774,703
1271,1.3826637268066406,703
1272,-0.20822042226791382,703
1273,-2.7015483379364014,703
1274,2.7268290519714355,703
1275,-0.37833547592163086,703
1276,-0.09278595447540283,703
1277,-0.8152216672897339,703
1278,4.8091559410095215,703
1279,1.837080717086792,703
1280,0.23498527705669403,703
1281,0.037990689277648926,703
1282,1.0485812425613403,703
1283,-0.055440232157707214,703
1284,-1.3485033512115479,703
1285,-0.023665614426136017,703
1286,-0.6743678450584412,703
1287,-0.6429473757743835,703
1288,-1.7896549701690674,703
1289,0.0716610848903656,703
1290,-1.9823739528656006,703
1291,-0.8456767797470093,703
1292,0.947321891784668,703
1293,-0.09167353063821793,703
1294,-0.09425568580627441,703
1295,-1.5205023288726807,703
1296,0.6194178462028503,703
1297,-2.8986802101135254,703
1298,0.11403879523277283,703
1299,0.029783815145492554,703
1300,2.6569154262542725,703
1301,-3.174940586090088,703
1302,-1.0620259046554565,703
1303,-0.46194303035736084,703
1304,0.18993443250656128,703
1305,2.9287631511688232,703
1306,-0.3274758458137512,703
1307,0.03249599412083626,703
1308,0.871629536151886,703
1309,-0.44301220774650574,703
1310,0.46600914001464844,703
1311,0.25969424843788147,703
1312,-0.03108927607536316,703
1313,0.7008154392242432,703
1314,0.399154394865036,703
1315,-6.039244174957275,703
1316,-0.3081052303314209,703
1317,2.1107993125915527,703
1318,-0.4689151346683502,703
1319,-0.13380646705627441,703
1320,0.17027035355567932,703
1321,0.035022858530282974,703
1322,0.8127763867378235,703
1323,0.8180389404296875,703
1324,2.0368871688842773,703
1325,-0.173736110329628,703
1326,0.28534913063049316,703
1327,0.18628355860710144,703
1328,0.038299888372421265,703
1329,0.24731206893920898,703
1330,0.3308592140674591,703
1331,0.11523070186376572,703
1332,-0.11138200759887695,703
1333,-0.003416985273361206,703
1334,0.00028640078380703926,703
1335,2.0396385192871094,703
1336,0.08209642022848129,703
1337,-0.010205869562923908,703
1338,0.0007287105545401573,703
1339,0.0489569753408432,703
1340,0.5329676866531372,703
1341,-1.1673483848571777,703
1342,0.009734155610203743,703
1343,-0.4166538119316101,703
1344,0.01895108073949814,703
1345,0.07682719081640244,703
1346,0.13637347519397736,703
1347,13.841316223144531,703
1348,0.7662595510482788,703
1349,-2.8077118396759033,703
1350,0.4389888048171997,703
1351,7.344605445861816,703
1352,0.02587929740548134,703
1353,-1.290238618850708,703
1354,-0.3411065936088562,703
1355,0.16759152710437775,703
1356,-2.0138132572174072,703
1357,0.07707902789115906,703
1358,0.2553905248641968,703
1359,0.02793944627046585,703
1360,0.0969131588935852,703
1361,0.209502175450325,703
1362,-0.2679710388183594,703
1363,0.09366902709007263,703
1364,1.2895275354385376,703
1365,0.10131990909576416,703
1366,-0.9724400639533997,703
1367,0.5719232559204102,703
1368,-0.3324214518070221,703
1369,-0.2680839002132416,703
1370,-1.4910268783569336,703
1371,1.1771440505981445,703
1372,-3.1216824054718018,703
1373,0.026211325079202652,703
1374,0.795423686504364,703
1375,-0.2187199592590332,703
1376,-0.36329081654548645,703
1377,0.25604212284088135,703
1378,1.088328242301941,703
1379,-0.01986653357744217,703
1380,0.46073347330093384,703
1381,0.5651424527168274,703
1382,0.03963242471218109,703
1383,-1.4542022943496704,703
1384,-0.014700271189212799,703
1385,-2.4795637130737305,703
1386,-0.6917250752449036,703
1387,-1.1637895107269287,703
1388,0.046080511063337326,703
1389,0.5714025497436523,703
1390,4.228230953216553,703
1391,0.08890345692634583,703
1392,0.072708360850811,703
1393,1.6566798686981201,703
1394,2.0426273345947266,703
1395,-0.17535477876663208,703
1396,-1.8216545581817627,703
1397,1.4933468103408813,703
1398,2.0397369861602783,703
1399,0.007769428193569183,703
1400,-0.5642172694206238,703
1401,1.327956199645996,703
1402,-0.6810534000396729,703
1403,0.0027437936514616013,703
1404,-1.1648246049880981,703
1405,2.302264928817749,703
1406,-0.26012536883354187,703
1407,0.5514739155769348,703
1408,-0.38304680585861206,703
1409,-1.371718168258667,703
1410,4.063188552856445,703
1411,1.199414849281311,703
1412,0.6997735500335693,703
1413,0.7465952634811401,703
1414,1.727860450744629,703
1415,-0.8455344438552856,703
1416,0.07752790302038193,703
1417,0.4191279709339142,703
1418,0.029231388121843338,703
1419,-0.018924273550510406,703
1420,-0.708953857421875,703
1421,-0.34965527057647705,703
1422,0.9163357615470886,703
1423,-0.9259591102600098,703
1424,-1.0648940801620483,703
1425,-0.14596904814243317,703
1426,-0.41241389513015747,703
1427,1.1136058568954468,703
1428,-0.009346879087388515,703
1429,0.6754670739173889,703
1430,0.4450283944606781,703
1431,0.16070500016212463,703
1432,-1.9514387845993042,703
1433,0.381211519241333,703
1434,-0.29426825046539307,703
1435,0.3280657231807709,703
1436,0.08324141800403595,703
1437,1.0936861038208008,703
1438,0.012057222425937653,703
1439,1.5085607767105103,703
1440,-0.03049180656671524,703
1441,0.9198863506317139,703
1442,0.623660683631897,703
1443,0.19593848288059235,703
1444,-0.04206113517284393,703
1445,-5.3796210289001465,703
1446,0.24320751428604126,703
1447,-0.016809530556201935,703
1448,-2.715034008026123,703
1449,-0.18973447382450104,703
1450,0.057049769908189774,703
1451,0.1421211063861847,703
1452,0.1750047504901886,703
1453,2.3403050899505615,703
1454,-0.8187008500099182,703
1455,0.5099534392356873,703
1456,-0.7918921113014221,703
1457,1.006926417350769,703
1458,0.26948004961013794,703
1459,0.059404704719781876,703
1460,0.7581208944320679,703
1461,0.01745321787893772,703
1462,2.2181103229522705,703
1463,-0.0416819266974926,703
1464,-0.28911614418029785,703
1465,-0.3075246810913086,703
1466,0.06126619130373001,703
1467,0.5221225023269653,703
1468,-0.3008219003677368,703
1469,0.31154865026474,703
1470,-7.88045597076416,703
1471,0.10786306858062744,703
1472,0.15722554922103882,703
1473,-0.6173564195632935,703
1474,0.6389503479003906,703
1475,0.4079267084598541,703
1476,-1.7410775423049927,703
1477,-1.2238351106643677,703
1478,1.6045910120010376,703
1479,11.559988021850586,703
1480,2.0821268558502197,703
1481,-0.0518268458545208,703
1482,-0.5307638645172119,703
1483,1.1001741886138916,703
1484,0.7861552834510803,703
1485,6.344574928283691,703
1486,0.12653614580631256,703
1487,-0.7870792150497437,703
1488,-0.5117471218109131,703
1489,0.9801219701766968,703
1490,-0.13273558020591736,703
1491,0.5836326479911804,703
1492,3.2213451862335205,703
1493,-3.926846504211426,703
1494,0.18836264312267303,703
1495,0.02155091054737568,703
1496,0.20358818769454956,703
1497,0.5684340000152588,703
1498,-1.3289841413497925,703
1499,-1.6146965026855469,703
1500,-0.40431323647499084,703
1501,0.354202538728714,703
1502,-0.19406689703464508,703
1503,-0.8478146195411682,703
1504,0.44100332260131836,703
1505,1.0779368877410889,703
1506,-0.3854440450668335,703
1507,0.0439739003777504,703
1508,-0.23003622889518738,703
1509,0.9357933402061462,703
1510,1.2086793184280396,703
1511,0.18949545919895172,703
1512,0.10202793776988983,703
1513,-1.7209566831588745,703
1514,0.6578178405761719,703
1515,-4.033841133117676,703
1516,0.35246095061302185,703
1517,-3.553856372833252,703
1518,-0.2865348756313324,703
1519,-0.2876806855201721,703
1520,-0.3618597984313965,703
1521,2.6412127017974854,703
1522,-0.43060529232025146,703
1523,-1.056730031967163,703
1524,-0.8047679662704468,703
1525,0.2952032685279846,703
1526,-8.609923362731934,703
1527,0.05987261235713959,703
1528,-2.1782610416412354,703
1529,4.568973064422607,703
1530,0.18295028805732727,703
1531,0.10545766353607178,703
1532,1.1250814199447632,703
1533,-0.5356298685073853,703
1534,-3.5732626914978027,703
1535,0.9833733439445496,703
1536,0.057114388793706894,703
1537,-0.1425342708826065,703
1538,-7.845491409301758,703
1539,0.0026546698063611984,703
1540,0.05343843251466751,703
1541,-2.491889476776123,703
1542,-1.0785861015319824,703
1543,0.3867591917514801,703
1544,0.3345126509666443,703
1545,0.7324798107147217,703
1546,-0.18444034457206726,703
1547,-0.03932925686240196,703
1548,-0.009310595691204071,703
1549,-1.3359313011169434,703
1550,0.5844963788986206,703
1551,-1.2708494663238525,703
1552,1.4106295108795166,703
1553,0.17010065913200378,703
1554,-4.514412879943848,703
1555,0.6475058197975159,703
1556,0.23443487286567688,703
1557,0.023123474791646004,703
1558,-0.37878140807151794,703
1559,-0.5905040502548218,703
1560,-0.1861594319343567,703
1561,0.07587870955467224,703
1562,0.5319570302963257,703
1563,-0.6854287385940552,703
1564,0.8613536953926086,703
1565,0.14379380643367767,703
1566,0.051457542926073074,703
1567,-4.184365272521973,703
1568,0.09942372143268585,703
1569,1.098165512084961,703
1570,-0.4883047640323639,703
1571,0.29600948095321655,703
1572,-0.16768722236156464,703
1573,0.9592060446739197,703
1574,-0.24263456463813782,703
1575,-2.493046283721924,703
1576,-3.257415771484375,703
1577,-0.1461295485496521,703
1578,-3.6411259174346924,703
1579,0.003004118800163269,703
1580,0.12463043630123138,703
1581,0.23244455456733704,703
1582,1.275646686553955,703
1583,0.23944568634033203,703
1584,-0.2820810377597809,703
1585,-0.3022788465023041,703
1586,1.076180100440979,703
1587,-0.9530923962593079,703
1588,1.0357035398483276,703
1589,1.6838788986206055,703
1590,3.5843496322631836,703
1591,-2.638077735900879,703
1592,-3.3976175785064697,703
1593,-0.4002000689506531,703
1594,-1.6450834274291992,703
1595,-0.06991012394428253,703
1596,0.9807325601577759,703
1597,0.007276531774550676,703
1598,-0.08971931040287018,703
1599,-0.29933586716651917,703
1600,1.2328333854675293,703
1601,0.9372708201408386,703
1602,-0.2765684723854065,703
1603,0.5069859623908997,703
1604,0.10442741215229034,703
1605,0.47594141960144043,703
1606,-0.49706709384918213,703
1607,0.07606750726699829,703
1608,0.18336455523967743,703
1609,-0.06345447897911072,703
1610,0.1662445068359375,703
1611,0.7146201133728027,703
1612,0.7102012038230896,703
1613,-3.5862510204315186,703
1614,-0.7764309644699097,703
1615,0.7503098249435425,703
1616,-0.16504816710948944,703
1617,-0.724807620048523,703
1618,3.1648707389831543,703
1619,-12.646210670471191,703
1620,-0.03657718002796173,703
1621,0.0841326117515564,703
1622,0.22498853504657745,703
1623,-0.06083498150110245,703
1624,-2.032397985458374,703
1625,0.2730563282966614,703
1626,-1.679292917251587,703
1627,-1.922553300857544,703
1628,0.26549404859542847,703
1629,-0.8905695676803589,703
1630,0.013269111514091492,703
1631,-0.3784731924533844,703
1632,-0.12105372548103333,703
1633,3.218973159790039,703
1634,0.26897045969963074,703
1635,0.42922723293304443,703
1636,-0.8936997652053833,703
1637,-0.5816716551780701,703
1638,0.38365164399147034,703
1639,-1.1258913278579712,703
1640,2.1242172718048096,703
1641,0.04155375808477402,703
1642,0.8342736959457397,703
1643,0.004268520977348089,703
1644,-0.03393526002764702,703
1645,0.12913629412651062,703
1646,0.09428361803293228,703
1647,-0.3909064531326294,703
1648,1.472692847251892,703
1649,-0.0798560082912445,703
1650,0.08560450375080109,703
1651,0.14084558188915253,703
1652,1.091858983039856,703
1653,-0.0064774490892887115,703
1654,-1.9365538358688354,703
1655,0.8240747451782227,703
1656,0.8159624338150024,703
1657,1.1674977540969849,703
1658,-3.8473405838012695,703
1659,-0.30659836530685425,703
1660,0.12104198336601257,703
1661,1.3620071411132812,703
1662,0.0023285672068595886,703
1663,3.9009573459625244,703
1664,0.27018269896507263,703
1665,-0.5923941135406494,703
1666,-4.120750904083252,703
1667,-4.820477485656738,703
1668,1.1800991296768188,703
1669,-7.226228713989258,703
1670,0.16059209406375885,703
1671,-0.11928719282150269,703
1672,0.5328348875045776,703
1673,-0.5737155675888062,703
1674,0.04616177827119827,703
1675,0.3564668297767639,703
1676,-0.9087744951248169,703
1677,0.3475092053413391,703
1678,-1.5741219520568848,703
1679,0.18050724267959595,703
1680,-1.7977880239486694,703
1681,0.4873116910457611,703
1682,2.99714994430542,703
1683,-0.03844821825623512,703
1684,3.9984006881713867,703
1685,-0.12090384215116501,703
1686,-1.7402377128601074,703
1687,-0.05413494259119034,703
1688,-0.28500449657440186,703
1689,0.6251460909843445,703
1690,0.1827179342508316,703
1691,-1.8444466590881348,703
1692,-0.027843713760375977,703
1693,0.21424315869808197,703
1694,0.9956538677215576,703
1695,0.49908149242401123,703
1696,1.7255051136016846,703
1697,-0.02494930475950241,703
1698,0.3506757616996765,703
1699,0.9152011275291443,703
1700,0.2986583709716797,703
1701,0.027443736791610718,703
1702,-3.8979291915893555,703
1703,2.708435297012329,703
1704,-0.24542587995529175,703
1705,0.0140455337241292,703
1706,0.8298315405845642,703
1707,-5.166240692138672,703
1708,0.3371850848197937,703
1709,-1.6678998470306396,703
1710,-0.11407352983951569,703
1711,-0.5470859408378601,703
1712,0.008885961025953293,703
1713,1.6657965183258057,703
1714,-0.48885345458984375,703
1715,-0.4045540690422058,703
1716,0.24555876851081848,703
1717,0.20667529106140137,703
1718,0.4309947192668915,703
1719,0.1752300262451172,703
1720,1.2025244235992432,703
1721,0.07952989637851715,703
1722,3.410771369934082,703
1723,5.388249397277832,703
1724,0.07300403714179993,703
1725,2.213301658630371,703
1726,-1.814124345779419,703
1727,-0.7390583753585815,703
1728,-3.354872941970825,703
1729,-2.7514498233795166,703
1730,0.026645347476005554,703
1731,-0.0848567932844162,703
1732,-0.6721397042274475,703
1733,1.1021604537963867,703
1734,1.629394769668579,703
1735,-1.6419851779937744,703
1736,-0.6324338912963867,703
1737,0.13937440514564514,703
1738,-0.8294423818588257,703
1739,-0.5234254598617554,703
1740,0.610867977142334,703
1741,1.0648972988128662,703
1742,-0.12737254798412323,703
1743,-2.122732162475586,703
1744,-0.059986989945173264,703
1745,-1.1705129146575928,703
1746,1.5104954242706299,703
1747,-0.010403243824839592,703
1748,1.2284499406814575,703
1749,0.4272191524505615,703
1750,1.5589392185211182,703
1751,0.08508972078561783,703
1752,-0.1294090747833252,703
1753,-0.46517783403396606,703
1754,-0.10759487003087997,703
1755,-1.012459397315979,703
1756,4.088921070098877,703
1757,-0.9354667663574219,703
1758,2.244013786315918,703
1759,3.763719081878662,703
1760,0.32783621549606323,703
1761,-0.6189613342285156,703
1762,0.06501094996929169,703
1763,-2.073803186416626,703
1764,3.216973304748535,703
1765,0.38045307993888855,703
1766,-0.17891596257686615,703
1767,0.24183176457881927,703
1768,-1.4735664129257202,703
1769,-0.525408923625946,703
1770,0.4102412462234497,703
1771,-1.8494209051132202,703
1772,0.021602792665362358,703
1773,-5.895160675048828,703
1774,1.2594947814941406,703
1775,-0.8545370101928711,703
1776,2.109827756881714,703
1777,-0.05231446027755737,703
1778,0.06606413424015045,703
1779,0.22035276889801025,703
1780,-0.32879674434661865,703
1781,-0.32238468527793884,703
1782,0.0007995367050170898,703
1783,-0.1836429387331009,703
1784,6.654306888580322,703
1785,-0.012769222259521484,703
1786,0.43506062030792236,703
1787,-1.1121938228607178,703
1788,0.16027753055095673,703
1789,1.1748735904693604,703
1790,-0.5702003836631775,703
1791,-0.3456760048866272,703
1792,3.3297924995422363,703
1793,-4.298916816711426,703
1794,-2.516188383102417,703
1795,-0.6869527101516724,703
1796,0.6191984415054321,703
1797,1.2134649753570557,703
1798,0.22408993542194366,703
1799,-0.6003744602203369,703
1800,-0.3265197277069092,703
1801,0.32096990942955017,703
1802,-2.3230628967285156,703
1803,0.11771485954523087,703
1804,-1.9989051818847656,703
1805,1.0491794347763062,703
1806,0.3818858563899994,703
1807,-0.22775819897651672,703
1808,0.8352186679840088,703
1809,-2.279633045196533,703
1810,-1.4606049060821533,703
1811,-0.3382616639137268,703
1812,0.5389239192008972,703
1813,0.386521577835083,703
1814,-0.9122105836868286,703
1815,-1.345218539237976,703
1816,0.07049387693405151,703
1817,0.5759018063545227,703
1818,0.005672033876180649,703
1819,-0.11733066290616989,703
1820,2.8314669132232666,703
1821,0.010152087546885014,703
1822,0.3583148717880249,703
1823,0.11355970799922943,703
1824,0.026510685682296753,703
1825,-0.15444010496139526,703
1826,0.48047345876693726,703
1827,0.10060322284698486,703
1828,0.5272356867790222,703
1829,-0.7084893584251404,703
1830,0.9079269766807556,703
1831,0.5658366084098816,703
1832,-0.34490519762039185,703
1833,0.4829140901565552,703
1834,-0.10691536217927933,703
1835,0.5274007320404053,703
1836,0.07629029452800751,703
1837,0.7616245150566101,703
1838,-0.6133379340171814,703
1839,-2.241206645965576,703
1840,0.06369426846504211,703
1841,-0.6949466466903687,703
1842,-0.9779599905014038,703
1843,-1.6902270317077637,703
1844,5.711547374725342,703
1845,-1.271458387374878,703
1846,0.3322102129459381,703
1847,0.27006104588508606,703
1848,1.1995189189910889,703
1849,-0.9670788049697876,703
1850,-0.038363777101039886,703
1851,-2.6313512325286865,703
1852,2.0638294219970703,703
1853,0.028581693768501282,703
1854,-0.44152119755744934,703
1855,0.3790348768234253,703
1856,-1.0040233135223389,703
1857,-0.48514243960380554,703
1858,1.3481942415237427,703
1859,-2.3143529891967773,703
1860,0.017477989196777344,703
1861,-0.32076597213745117,703
1862,-5.335257530212402,703
1863,-0.7892279624938965,703
1864,-0.0787900984287262,703
1865,-1.1411616802215576,703
1866,0.42896661162376404,703
1867,0.040495917201042175,703
1868,-0.3812119960784912,703
1869,3.7055864334106445,703
1870,4.523514270782471,703
1871,9.453081293031573e-05,703
1872,-0.9018730521202087,703
1873,0.21831654012203217,703
1874,-6.70838737487793,703
1875,0.39551448822021484,703
1876,3.6985321044921875,703
1877,0.6272768974304199,703
1878,2.9957826137542725,703
1879,-0.22418415546417236,703
1880,0.025284018367528915,703
1881,-1.459686279296875,703
1882,-0.006577848456799984,703
1883,0.21997860074043274,703
1884,-0.2065485268831253,703
1885,1.3331737518310547,703
1886,-7.724884986877441,703
1887,0.009862478822469711,703
1888,-0.005412505939602852,703
1889,0.015787608921527863,703
1890,1.282989740371704,703
1891,-0.607100248336792,703
1892,2.459869384765625,703
1893,0.04067917540669441,703
1894,0.994269609451294,703
1895,3.4057390689849854,703
1896,0.8269424438476562,703
1897,0.9634356498718262,703
1898,-0.8215461373329163,703
1899,-0.16499082744121552,703
1900,0.2193092405796051,703
1901,0.09029919654130936,703
1902,1.5995514392852783,703
1903,0.6804009675979614,703
1904,1.5823487043380737,703
1905,0.05755425989627838,703
1906,-1.7954556941986084,703
1907,0.029473939910531044,703
1908,2.6937131881713867,703
1909,-1.9255402088165283,703
1910,0.5300781726837158,703
1911,0.22716157138347626,703
1912,0.20274817943572998,703
1913,-0.5602014660835266,703
1914,0.7605025768280029,703
1915,3.8296706676483154,703
1916,-1.9002454280853271,703
1917,0.33660444617271423,703
1918,0.3968523442745209,703
1919,-5.666926860809326,703
1920,-0.7713557481765747,703
1921,-1.5489411354064941,703
1922,-6.63279914855957,703
1923,-0.07340529561042786,703
1924,-4.847431659698486,703
1925,-1.2814288139343262,703
1926,0.21672408282756805,703
1927,2.3105392456054688,703
1928,1.3667197227478027,703
1929,-1.3124257326126099,703
1930,-0.8276010751724243,703
1931,-0.7012296915054321,703
1932,1.4464828968048096,703
1933,0.11484848707914352,703
1934,5.338870048522949,703
1935,4.725702285766602,703
1936,0.5907681584358215,703
1937,0.13492491841316223,703
1938,-0.2570263147354126,703
1939,-0.06415705382823944,703
1940,6.852197647094727,703
1941,-0.004301464185118675,703
1942,0.05955830588936806,703
1943,0.02134983241558075,703
1944,1.096292495727539,703
1945,-0.029394134879112244,703
1946,-0.17847952246665955,703
1947,2.632340908050537,703
1948,7.975539684295654,703
1949,-0.7433770298957825,703
1950,-1.744301199913025,703
1951,-0.7244954109191895,703
1952,0.09424948692321777,703
1953,-0.27437037229537964,703
1954,-0.20767977833747864,703
1955,0.152145117521286,703
1956,-0.051209330558776855,703
1957,5.1002278327941895,703
1958,-0.014151237905025482,703
1959,-2.7953732013702393,703
1960,0.6495447158813477,703
1961,0.036114782094955444,703
1962,-0.3874592185020447,703
1963,0.5187401175498962,703
1964,-0.09801781922578812,703
1965,0.1853044629096985,703
1966,0.005147512070834637,703
1967,0.3305463194847107,703
1968,-0.19270974397659302,703
1969,-0.6092838644981384,703
1970,0.14344507455825806,703
1971,-0.16151046752929688,703
1972,-0.273223876953125,703
1973,0.01153138279914856,703
1974,-2.842656373977661,703
1975,1.0085091590881348,703
1976,0.1275942176580429,703
1977,-0.8953104019165039,703
1978,-2.491657018661499,703
1979,0.1016150712966919,703
1980,-0.11607693135738373,703
1981,0.8837489485740662,703
1982,-0.1639268845319748,703
1983,0.1413595974445343,703
1984,-2.640948534011841,703
1985,0.611565351486206,703
1986,-0.2223629653453827,703
1987,-0.23218992352485657,703
1988,-0.10307144373655319,703
1989,0.032566044479608536,703
1990,0.18669068813323975,703
1991,0.4382951557636261,703
1992,0.1392485648393631,703
1993,1.1966814994812012,703
1994,0.0013738377019762993,703
1995,-0.19697056710720062,703
1996,-1.2519627809524536,703
1997,-0.00014194846153259277,703
1998,-0.1878320574760437,703
1999,0.4960833787918091,703
2000,-0.2525779604911804,703
2001,0.0024990439414978027,703
2002,0.3360251486301422,703
2003,0.10288026183843613,703
2004,0.24894028902053833,703
2005,-0.899588942527771,703
2006,0.13790775835514069,703
2007,0.12110474705696106,703
2008,0.49536871910095215,703
2009,0.375373899936676,703
2010,0.14927025139331818,703
2011,0.21887771785259247,703
2012,0.08020272850990295,703
2013,0.08205883204936981,703
2014,0.8245038986206055,703
2015,0.5682064294815063,703
2016,0.4413354694843292,703
2017,0.036544136703014374,703
2018,1.67397940158844,703
2019,-0.17261774837970734,703
2020,-0.6854374408721924,703
2021,0.38267356157302856,703
2022,0.9650775194168091,703
2023,0.1643224060535431,703
2024,0.07013055682182312,703
2025,1.031110405921936,703
2026,-0.22088417410850525,703
2027,0.030913319438695908,703
2028,-2.1153995990753174,703
2029,0.17892444133758545,703
2030,6.995911121368408,703
2031,-0.0948932021856308,703
2032,1.3629961013793945,703
2033,4.184359550476074,703
2034,-0.14076374471187592,703
2035,-0.08852945268154144,703
2036,-2.894392728805542,703
2037,0.015241563320159912,703
2038,0.123184934258461,703
2039,1.5404810905456543,703
2040,1.3074028491973877,703
2041,0.12444142997264862,703
2042,1.1850807666778564,703
2043,0.36328697204589844,703
2044,-0.3823093771934509,703
2045,1.8898038864135742,703
2046,0.03748318552970886,703
2047,0.38204115629196167,703
2048,-0.4063970148563385,703
2049,-1.1904959678649902,703
2050,-0.27386999130249023,703
2051,0.006672573741525412,703
2052,3.2650911808013916,703
2053,0.4727907180786133,703
2054,0.773664116859436,703
2055,-0.383644163608551,703
2056,0.012476835399866104,703
2057,0.24574652314186096,703
2058,-0.015509583055973053,703
2059,1.861566424369812,703
2060,1.8160135746002197,703
2061,1.548290491104126,703
2062,0.42904362082481384,703
2063,0.21364328265190125,703
2064,-0.06614688038825989,703
2065,-1.4807631969451904,703
2066,-0.10222280770540237,703
2067,-0.06104811280965805,703
2068,-0.8691093325614929,703
2069,0.19918714463710785,703
2070,-0.5926728248596191,703
2071,-0.0018889261409640312,703
2072,0.1972666084766388,703
2073,0.19789879024028778,703
2074,-1.2523064613342285,703
2075,0.21395380795001984,703
2076,0.7699952721595764,703
2077,-0.682761549949646,703
2078,-0.02079102024435997,703
2079,0.7194650769233704,703
2080,-0.7835507988929749,703
2081,0.011322274804115295,703
2082,2.460110902786255,703
2083,0.7079110145568848,703
2084,-0.5394138097763062,703
2085,-0.015287190675735474,703
2086,-1.7182642221450806,703
2087,0.43763259053230286,703
2088,-10.618192672729492,703
2089,-0.04926955699920654,703
2090,-1.6528160572052002,703
2091,-0.7225953936576843,703
2092,0.44856491684913635,703
2093,-0.6449936628341675,703
2094,0.15801548957824707,703
2095,0.3498086929321289,703
2096,1.3357067108154297,703
2097,-0.5379935503005981,703
2098,1.0307044982910156,703
2099,-1.9455585479736328,703
2100,0.23576156795024872,703
2101,0.14718785881996155,703
2102,0.4747183322906494,703
2103,2.649044990539551,703
2104,-14.164891242980957,703
2105,0.06792761385440826,703
2106,-0.5368703603744507,703
2107,-0.0445755273103714,703
2108,1.2683701515197754,703
2109,1.5348384380340576,703
2110,-0.11917845904827118,703
2111,-0.0826381966471672,703
2112,0.061032913625240326,703
2113,1.6357734203338623,703
2114,-2.066608428955078,703
2115,-0.22510066628456116,703
2116,-2.0563621520996094,703
2117,0.21164028346538544,703
2118,0.0026668633799999952,703
2119,-0.008687399327754974,703
2120,0.19716766476631165,703
2121,0.06845803558826447,703
2122,-0.3828151226043701,703
2123,-2.194283962249756,703
2124,-0.161622554063797,703
2125,-0.821544885635376,703
2126,0.00792121235281229,703
2127,-0.3661470115184784,703
2128,0.006693362258374691,703
2129,-5.337093830108643,703
2130,-0.20490412414073944,703
2131,-1.5757033824920654,703
2132,1.6200677156448364,703
2133,1.7056384086608887,703
2134,-2.4590580463409424,703
2135,-1.0024722814559937,703
2136,-0.4371992349624634,703
2137,-1.0777244567871094,703
2138,-1.5054980516433716,703
2139,1.5230729579925537,703
2140,0.5853689908981323,703
2141,-0.02181991934776306,703
2142,-0.1080244928598404,703
2143,0.22788289189338684,703
2144,-0.2770392596721649,703
2145,-10.860462188720703,703
2146,-0.7773045301437378,703
2147,0.6751226186752319,703
2148,-0.9651874303817749,703
2149,0.6053935885429382,703
2150,0.03687898442149162,703
2151,0.30195173621177673,703
2152,0.06595906615257263,703
2153,-4.638211250305176,703
2154,-0.5073743462562561,703
2155,0.2362564504146576,703
2156,0.5968819856643677,703
2157,-2.4327797889709473,703
2158,0.3510362207889557,703
2159,0.004132692702114582,703
2160,-2.0304651260375977,703
2161,0.3738017976284027,703
2162,-1.511207103729248,703
2163,-0.5845053195953369,703
2164,-0.11785496771335602,703
2165,1.0903452634811401,703
2166,-0.2679612636566162,703
2167,0.1676342636346817,703
2168,-0.07611341029405594,703
2169,0.26519718766212463,703
2170,0.004685975611209869,703
2171,-0.600019097328186,703
2172,-2.183668613433838,703
2173,1.4116039276123047,703
2174,-1.84462308883667,703
2175,0.03952372074127197,703
2176,0.024210408329963684,703
2177,5.405478477478027,703
2178,0.09833743423223495,703
2179,1.2936506271362305,703
2180,0.1005033329129219,703
2181,-1.3877981901168823,703
2182,-2.027215003967285,703
2183,0.15734270215034485,703
2184,0.04480980336666107,703
2185,0.9157253503799438,703
2186,-0.07735751569271088,703
2187,1.9133665561676025,703
2188,-0.1918097734451294,703
2189,2.6360487937927246,703
2190,-0.5447515845298767,703
2191,-0.18717563152313232,703
2192,0.5951663255691528,703
2193,0.07068875432014465,703
2194,0.8769871592521667,703
2195,-1.855525255203247,703
2196,3.964106321334839,703
2197,-2.0393543243408203,703
2198,5.442506313323975,703
2199,-0.2462083101272583,703
2200,-0.8585418462753296,703
2201,0.1872219443321228,703
2202,-3.260658025741577,703
2203,0.12291676551103592,703
2204,0.006150360219180584,703
2205,-1.2385079860687256,703
2206,-2.7482118606567383,703
2207,1.1223804950714111,703
2208,0.029123898595571518,703
2209,-0.0490824431180954,703
2210,-0.8612737059593201,703
2211,-0.5574058294296265,703
2212,-0.7052258253097534,703
2213,-6.222987174987793,703
2214,0.6482774019241333,703
2215,-4.237475395202637,703
2216,-0.07008451968431473,703
2217,-1.4953923225402832,703
2218,0.3119629919528961,703
2219,-0.1540617197751999,703
2220,0.05827602744102478,703
2221,1.0727838277816772,703
2222,0.028208279982209206,703
2223,-0.601402759552002,703
2224,2.2318320274353027,703
2225,-1.8617849349975586,703
2226,1.9055373668670654,703
2227,-3.347972869873047,703
2228,0.03368186950683594,703
2229,0.5151410102844238,703
2230,0.047169461846351624,703
2231,0.7138148546218872,703
2232,0.04891303926706314,703
2233,-1.0726617574691772,703
2234,0.1340394765138626,703
2235,0.33594298362731934,703
2236,-5.938865661621094,703
2237,-0.21239516139030457,703
2238,-0.2332298755645752,703
2239,-0.5656079053878784,703
2240,-1.0118128061294556,703
2241,-3.8031883239746094,703
2242,0.10039983689785004,703
2243,-1.7646191120147705,703
2244,-0.7108119130134583,703
2245,0.14918895065784454,703
2246,0.1258218139410019,703
2247,0.4215910732746124,703
2248,-1.3064656257629395,703
2249,0.10150329023599625,703
2250,1.6007272005081177,703
2251,-0.31103751063346863,703
2252,-1.2840858697891235,703
2253,0.012427178211510181,703
2254,-2.708258628845215,703
2255,1.5080581903457642,703
2256,-0.23601727187633514,703
2257,-0.20969070494174957,703
2258,-0.367862343788147,703
2259,-0.17866146564483643,703
2260,-0.3247852623462677,703
2261,0.05187627673149109,703
2262,-2.779531955718994,703
2263,-6.612307548522949,703
2264,-0.43256446719169617,703
2265,0.624138593673706,703
2266,-3.1532952785491943,703
2267,-0.18561792373657227,703
2268,-0.12245378643274307,703
2269,0.26330792903900146,703
2270,0.06021176278591156,703
2271,-0.9793288111686707,703
2272,1.5394375324249268,703
2273,-1.2552034854888916,703
2274,1.1344709396362305,703
2275,0.017088111490011215,703
2276,0.5999940633773804,703
2277,-0.43695950508117676,703
2278,-0.34169846773147583,703
2279,-2.8743460178375244,703
2280,0.4808652997016907,703
2281,0.30208465456962585,703
2282,0.38367652893066406,703
2283,0.25582683086395264,703
2284,0.10221453011035919,703
2285,-0.8600560426712036,703
2286,-0.20368924736976624,703
2287,-0.21528539061546326,703
2288,1.201589822769165,703
2289,-0.28550636768341064,703
2290,1.2921650409698486,703
2291,-1.0086963176727295,703
2292,-0.8542122840881348,703
2293,-0.359121173620224,703
2294,0.00842989981174469,703
2295,0.1859399676322937,703
2296,-0.12089727818965912,703
2297,0.49190187454223633,703
2298,-0.5169227719306946,703
2299,-0.7989929914474487,703
2300,-0.3373661935329437,703
2301,-0.5698791146278381,703
2302,0.03592845797538757,703
2303,0.28239983320236206,703
2304,0.2717093527317047,703
2305,0.22356992959976196,703
2306,0.12213172763586044,703
2307,0.5458009243011475,703
2308,-2.4352893829345703,703
2309,-0.944951593875885,703
2310,-0.9120796918869019,703
2311,2.410944938659668,703
2312,0.3907954692840576,703
2313,-0.03685329109430313,703
2314,-0.17827196419239044,703
2315,0.6392030715942383,703
2316,-0.5512692332267761,703
2317,1.9080820083618164,703
2318,-0.26820170879364014,703
2319,1.168670654296875,703
2320,3.1301462650299072,703
2321,0.31035202741622925,703
2322,0.5416445732116699,703
2323,-0.9749248027801514,703
2324,0.0957382395863533,703
2325,0.006134295370429754,703
2326,0.10957645624876022,703
2327,0.31886717677116394,703
2328,0.18413805961608887,703
2329,0.011977668851613998,703
2330,-0.8675179481506348,703
2331,-0.3894141912460327,703
2332,-1.2492709159851074,703
2333,-0.5816590785980225,703
2334,3.1767871379852295,703
2335,0.09487049281597137,703
2336,1.6601725816726685,703
2337,2.10050106048584,703
2338,1.3170342445373535,703
2339,0.1391715407371521,703
2340,0.19168685376644135,703
2341,-0.19497692584991455,703
2342,-0.1664787232875824,703
2343,-0.7732332944869995,703
2344,7.868023872375488,703
2345,3.388000011444092,703
2346,0.1825588345527649,703
2347,2.5023226737976074,703
2348,-0.3115561306476593,703
2349,0.031604669988155365,703
2350,0.39667147397994995,703
2351,-0.32156693935394287,703
2352,-0.3940158188343048,703
2353,-4.153833389282227,703
2354,0.002399647608399391,703
2355,-1.514530897140503,703
2356,1.1376550197601318,703
2357,-2.833648681640625,703
2358,0.29358798265457153,703
2359,-0.5523523092269897,703
2360,-2.2923390865325928,703
2361,2.9497783184051514,703
2362,4.464381694793701,703
2363,0.8016892075538635,703
2364,0.8282022476196289,703
2365,0.48101910948753357,703
2366,-0.3285807967185974,703
2367,-2.9322311878204346,703
2368,-6.409232139587402,703
2369,0.31796419620513916,703
2370,-1.1341298818588257,703
2371,0.5834873914718628,703
2372,-0.8607136011123657,703
2373,-0.6831793785095215,703
2374,-0.13153591752052307,703
2375,-3.625380516052246,703
2376,3.211333751678467,703
2377,-1.0828853845596313,703
2378,-3.796574592590332,703
2379,1.4974918365478516,703
2380,-1.2401502132415771,703
2381,-0.025904357433319092,703
2382,-0.07549091428518295,703
2383,0.26546841859817505,703
2384,-0.35102784633636475,703
2385,0.5042874217033386,703
2386,-0.16269353032112122,703
2387,-0.3436136841773987,703
2388,1.645572543144226,703
2389,1.9517403841018677,703
2390,1.2429332733154297,703
2391,-2.6337995529174805,703
2392,-1.0873253345489502,703
2393,-1.7337334156036377,703
2394,0.9998517036437988,703
2395,5.592153072357178,703
2396,-0.06396342813968658,703
2397,2.6435296535491943,703
2398,-1.0847665071487427,703
2399,2.3794338703155518,703
2400,0.026594586670398712,703
2401,-2.201298713684082,703
2402,-2.3943653106689453,703
2403,1.2839152812957764,703
2404,-0.6559153199195862,703
2405,-0.03446916118264198,703
2406,-1.1622896194458008,703
2407,-0.3008735477924347,703
2408,-0.2770099639892578,703
2409,0.2385169267654419,703
2410,-0.2974793612957001,703
2411,-1.4807997941970825,703
2412,0.2045907825231552,703
2413,-0.12694023549556732,703
2414,-1.1995348930358887,703
2415,-0.8856455683708191,703
2416,7.015287399291992,703
2417,0.02919592149555683,703
2418,-0.8402221202850342,703
2419,-0.1415652185678482,703
2420,-0.2447417676448822,703
2421,0.3782690465450287,703
2422,-0.20619311928749084,703
2423,0.013945326209068298,703
2424,-0.046493612229824066,703
2425,-2.823239326477051,703
2426,-11.869632720947266,703
2427,1.0200469493865967,703
2428,-5.9316816329956055,703
2429,2.3843538761138916,703
2430,-1.6903411149978638,703
2431,-0.2343672215938568,703
2432,-0.30810534954071045,703
2433,-0.5143001675605774,703
2434,0.03485648334026337,703
2435,0.21361804008483887,703
2436,0.49555349349975586,703
2437,-5.586897373199463,703
2438,0.02623802423477173,703
2439,3.9676156044006348,703
2440,1.7626664638519287,703
2441,0.3803432881832123,703
2442,0.3436623513698578,703
2443,0.10103258490562439,703
2444,-0.5624256134033203,703
2445,11.502063751220703,703
2446,0.1618984043598175,703
2447,-2.1050710678100586,703
2448,-0.9711652994155884,703
2449,-0.3988828659057617,703
2450,0.01420578919351101,703
2451,0.7709482312202454,703
2452,-0.1528303027153015,703
2453,0.7556077241897583,703
2454,0.6718732714653015,703
2455,0.09924490004777908,703
2456,3.0422778129577637,703
2457,-0.044052451848983765,703
2458,0.38049882650375366,703
2459,0.11802513897418976,703
2460,0.13786953687667847,703
2461,0.07114855200052261,703
2462,-0.949482798576355,703
2463,-0.09282774478197098,703
2464,0.08077555894851685,703
2465,0.06355497241020203,703
2466,0.10051532834768295,703
2467,0.005953311920166016,703
2468,1.6446588039398193,703
2469,-0.2125963717699051,703
2470,-2.027686595916748,703
2471,-1.9927362203598022,703
2472,0.1042565405368805,703
2473,0.1866484433412552,703
2474,0.06011763960123062,703
2475,0.8294350504875183,703
2476,0.35068339109420776,703
2477,0.21669785678386688,703
2478,0.1297498196363449,703
2479,-5.230481147766113,703
2480,0.19113436341285706,703
2481,0.1386893391609192,703
2482,-2.073256492614746,703
2483,5.7256340980529785,703
2484,0.41815659403800964,703
2485,2.6525044441223145,703
2486,-2.6992547512054443,703
2487,-0.42865750193595886,703
2488,2.4509458541870117,703
2489,-3.272880792617798,703
2490,-4.376229286193848,703
2491,-0.5683420300483704,703
2492,0.058725014328956604,703
2493,-0.015864208340644836,703
2494,-0.3242100775241852,703
2495,0.6899971961975098,703
2496,1.4264450073242188,703
2497,-0.0076328725554049015,703
2498,0.3809363842010498,703
2499,-0.6992106437683105,703
2500,0.028720134869217873,703
2501,0.044399090111255646,703
2502,-0.025432482361793518,703
2503,-0.8927062749862671,703
2504,0.09910829365253448,703
2505,0.005391339771449566,703
2506,-0.05124971270561218,703
2507,-0.021431732922792435,703
2508,-1.251352071762085,703
2509,-0.6077881455421448,703
2510,-1.5670008659362793,703
2511,-0.13027217984199524,703
2512,0.018615327775478363,703
2513,0.3305060863494873,703
2514,0.07336823642253876,703
2515,-4.933748722076416,703
2516,0.5463292598724365,703
2517,0.23653544485569,703
2518,-0.4805329442024231,703
2519,-0.10818348824977875,703
2520,0.1470637023448944,703
2521,1.02777898311615,703
2522,0.02548891492187977,703
2523,-1.6051794290542603,703
2524,0.5149894952774048,703
2525,0.13033056259155273,703
2526,-1.2271193265914917,703
2527,0.0560072660446167,703
2528,0.3471490442752838,703
2529,0.7608414888381958,703
2530,0.1310749500989914,703
2531,-4.016767501831055,703
2532,-3.0915567874908447,703
2533,-0.8402101993560791,703
2534,0.1462637186050415,703
2535,0.4242578148841858,703
2536,0.41264617443084717,703
2537,1.523603916168213,703
2538,1.121960997581482,703
2539,0.32315608859062195,703
2540,-2.863978624343872,703
2541,-0.6632369756698608,703
2542,0.6398314833641052,703
2543,0.9928228259086609,703
2544,0.5068314075469971,703
2545,1.1210702657699585,703
2546,-0.5128054618835449,703
2547,-1.3196730613708496,703
2548,-9.705078125,703
2549,2.2962827682495117,703
2550,0.20942412316799164,703
2551,0.19972798228263855,703
2552,0.5689634084701538,703
2553,-2.7033283710479736,703
2554,1.1395586729049683,703
2555,0.5948576927185059,703
2556,0.8997403383255005,703
2557,-0.1762547641992569,703
2558,7.451308192685246e-05,703
2559,1.8671432733535767,703
2560,0.47843819856643677,703
2561,-1.3638336658477783,703
2562,7.625155448913574,703
2563,0.3132956624031067,703
2564,0.18901024758815765,703
2565,0.02697118930518627,703
2566,0.06969861686229706,703
2567,0.07827559113502502,703
2568,-1.566270112991333,703
2569,0.007196980528533459,703
2570,0.12302239239215851,703
2571,0.7821466326713562,703
2572,0.945584774017334,703
2573,-0.9516795873641968,703
2574,-0.8245234489440918,703
2575,1.991307020187378,703
2576,-0.03607445955276489,703
2577,0.646068811416626,703
2578,-0.8437743782997131,703
2579,-0.1864285171031952,703
2580,0.20530879497528076,703
2581,-2.9260780811309814,703
2582,0.20088602602481842,703
2583,-0.8551574349403381,703
2584,0.4962656497955322,703
2585,-0.2653157114982605,703
2586,2.048234701156616,703
2587,-0.08821257203817368,703
2588,0.30007249116897583,703
2589,-0.13108965754508972,703
2590,-2.0693166255950928,703
2591,0.644425094127655,703
2592,7.578217506408691,703
2593,0.15421569347381592,703
2594,1.1715788841247559,703
2595,1.2649662494659424,703
2596,0.6145968437194824,703
2597,0.0797818973660469,703
2598,0.0492478609085083,703
2599,0.16903632879257202,703
2600,0.9714831709861755,703
2601,-0.20477011799812317,703
2602,2.3804032802581787,703
2603,1.5235755443572998,703
2604,0.006760017946362495,703
2605,-0.3806958496570587,703
2606,-0.8484764099121094,703
2607,0.769941508769989,703
2608,0.11871752887964249,703
2609,0.1575135439634323,703
2610,-0.6430755853652954,703
2611,0.5780375003814697,703
2612,0.7355774641036987,703
2613,0.26395532488822937,703
2614,-0.2898511290550232,703
2615,-0.02124202251434326,703
2616,0.0989137515425682,703
2617,0.23913393914699554,703
2618,0.44099554419517517,703
2619,-1.6530864238739014,703
2620,3.167064905166626,703
2621,-0.5335290431976318,703
2622,-0.5162038803100586,703
2623,-0.23441073298454285,703
2624,1.8356053829193115,703
2625,-0.2610075771808624,703
2626,-3.3795926570892334,703
2627,-0.8123621344566345,703
2628,-0.4348216652870178,703
2629,-0.571388304233551,703
2630,0.051767751574516296,703
2631,-0.7431439757347107,703
2632,0.3243664503097534,703
2633,2.057697057723999,703
2634,0.21194764971733093,703
2635,-0.1156960129737854,703
2636,0.5343325734138489,703
2637,-0.2930310368537903,703
2638,0.563316285610199,703
2639,0.03386405110359192,703
2640,0.08304104208946228,703
2641,-12.14248275756836,703
2642,0.017036382108926773,703
2643,-0.03754541277885437,703
2644,0.29270097613334656,703
2645,-0.8942489624023438,703
2646,0.06672602891921997,703
2647,0.09231770038604736,703
2648,-0.4270806908607483,703
2649,-0.15405453741550446,703
2650,-0.13464564085006714,703
2651,0.8668007254600525,703
2652,-0.00974622368812561,703
2653,1.1739835739135742,703
2654,2.0363388061523438,703
2655,2.06294584274292,703
2656,0.28644710779190063,703
2657,-0.03702015057206154,703
2658,-1.012631893157959,703
2659,2.3689703941345215,703
2660,-0.017255745828151703,703
2661,2.6754119396209717,703
2662,5.7431817054748535,703
2663,-3.8189141750335693,703
2664,0.6459735631942749,703
2665,0.17486265301704407,703
2666,-1.5458390712738037,703
2667,-0.3449341058731079,703
2668,0.8970972299575806,703
2669,0.059003181755542755,703
2670,-0.0570400208234787,703
2671,0.585228443145752,703
2672,-0.9181963801383972,703
2673,0.5915722846984863,703
2674,0.03950536623597145,703
2675,-1.563196063041687,703
2676,0.21503424644470215,703
2677,-1.2909023761749268,703
2678,-0.4463973641395569,703
2679,-0.2604507803916931,703
2680,-0.7497653365135193,703
2681,0.18537485599517822,703
2682,0.31022942066192627,703
2683,5.540638446807861,703
2684,0.09911736845970154,703
2685,0.4453358054161072,703
2686,0.13880446553230286,703
2687,0.4826698899269104,703
2688,-0.34375378489494324,703
2689,-1.3032374382019043,703
2690,-0.048945702612400055,703
2691,-0.8331920504570007,703
2692,0.6909531354904175,703
2693,1.8606781959533691,703
2694,-0.6260570287704468,703
2695,0.7894717454910278,703
2696,-0.003294223453849554,703
2697,0.0367613211274147,703
2698,1.1595427989959717,703
2699,0.5596500039100647,703
2700,0.02750575542449951,703
2701,-2.385607957839966,703
2702,1.4207030534744263,703
2703,-3.2017710208892822,703
2704,-0.9354817867279053,703
2705,-0.501003623008728,703
2706,0.08070074021816254,703
2707,-1.2192479372024536,703
2708,0.16401457786560059,703
2709,0.1839311420917511,703
2710,-0.21272985637187958,703
2711,0.07058524340391159,703
2712,-0.24567705392837524,703
2713,0.2274305820465088,703
2714,-0.5418031811714172,703
2715,0.41637924313545227,703
2716,-0.1850058138370514,703
2717,-1.3798648118972778,703
2718,-0.17446844279766083,703
2719,-0.26572540402412415,703
2720,1.3464505672454834,703
2721,-0.8057005405426025,703
2722,-0.5127389430999756,703
2723,0.022200677543878555,703
2724,-0.25410544872283936,703
2725,0.049989115446805954,703
2726,-0.2437644898891449,703
2727,0.13662847876548767,703
2728,1.798645257949829,703
2729,1.5929890871047974,703
2730,0.09828522801399231,703
2731,-0.1765453815460205,703
2732,0.13604877889156342,703
2733,1.3551174402236938,703
2734,0.3753017783164978,703
2735,0.5787238478660583,703
2736,0.06683135032653809,703
2737,-1.60536789894104,703
2738,1.0084948539733887,703
2739,-1.6633808612823486,703
2740,-1.8286981582641602,703
2741,0.6619418859481812,703
2742,0.17416855692863464,703
2743,0.03976099565625191,703
2744,0.5271768569946289,703
2745,0.7642853260040283,703
2746,-0.05248679220676422,703
2747,0.16554129123687744,703
2748,0.45370858907699585,703
2749,0.002928641391918063,703
2750,-1.1660393476486206,703
2751,0.4256812334060669,703
2752,-0.8758310079574585,703
2753,1.1019829511642456,703
2754,-0.20247891545295715,703
2755,-0.8004330992698669,703
2756,0.08964496850967407,703
2757,0.14150026440620422,703
2758,-0.5021345615386963,703
2759,-0.15837585926055908,703
2760,0.09335790574550629,703
2761,-2.1408112049102783,703
2762,0.3688596487045288,703
2763,0.4660167098045349,703
2764,0.2701943516731262,703
2765,0.6490625143051147,703
2766,-0.0013288756599649787,703
2767,0.008650016970932484,703
2768,0.7054163217544556,703
2769,0.10895439982414246,703
2770,-1.2907804250717163,703
2771,1.5946091413497925,703
2772,0.7443833351135254,703
2773,-0.03992067649960518,703
2774,0.19552989304065704,703
2775,-0.9026068449020386,703
2776,0.6327884197235107,703
2777,1.544481635093689,703
2778,2.895707130432129,703
2779,0.5863718390464783,703
2780,-0.6257539391517639,703
2781,0.3320852518081665,703
2782,0.008747628889977932,703
2783,2.23945689201355,703
2784,-0.1424373835325241,703
2785,1.1334484815597534,703
2786,-1.1896538734436035,703
2787,0.16119009256362915,703
2788,-3.031745195388794,703
2789,-0.28431564569473267,703
2790,0.2723703980445862,703
2791,3.397766590118408,703
2792,0.6461249589920044,703
2793,0.0411129966378212,703
2794,0.33383357524871826,703
2795,0.9209669828414917,703
2796,-2.0587246417999268,703
2797,-0.17261359095573425,703
2798,0.2366461157798767,703
2799,8.547575950622559,703
2800,-1.4226784706115723,703
2801,0.5443302392959595,703
2802,-1.234799861907959,703
2803,-0.2981492877006531,703
2804,-1.0848370790481567,703
2805,-2.322500705718994,703
2806,0.02741951122879982,703
2807,2.241176128387451,703
2808,0.7441559433937073,703
2809,-4.929203510284424,703
2810,6.792552947998047,703
2811,0.019204765558242798,703
2812,-1.603467583656311,703
2813,0.20711907744407654,703
2814,1.630399227142334,703
2815,0.6241428256034851,703
2816,-0.13550668954849243,703
2817,0.2560356855392456,703
2818,-0.3040156066417694,703
2819,1.3825371265411377,703
2820,-0.16085153818130493,703
2821,0.8230952024459839,703
2822,0.011436328291893005,703
2823,-0.7267640829086304,703
2824,0.06549714505672455,703
2825,0.02545478381216526,703
2826,-0.480468213558197,703
2827,0.3923845887184143,703
2828,-0.41001003980636597,703
2829,1.2382440567016602,703
2830,0.16166481375694275,703
2831,0.08730354905128479,703
2832,-0.49547526240348816,703
2833,0.9181684255599976,703
2834,0.4512731730937958,703
2835,0.018837086856365204,703
2836,8.322094917297363,703
2837,-1.5481458902359009,703
2838,0.3750588893890381,703
2839,-0.4574141502380371,703
2840,-0.08815939724445343,703
2841,0.051859091967344284,703
2842,0.9428308010101318,703
2843,1.0337815284729004,703
2844,0.26474738121032715,703
2845,3.145653009414673,703
2846,-0.6336482763290405,703
2847,-0.3965654969215393,703
2848,1.2888498306274414,703
2849,-0.4983352720737457,703
2850,0.4095102548599243,703
2851,0.6822540163993835,703
2852,0.11148359626531601,703
2853,1.4397709369659424,703
2854,0.7754459381103516,703
2855,-0.30382075905799866,703
2856,-3.599769353866577,703
2857,0.4884045422077179,703
2858,0.9492553472518921,703
2859,0.14492514729499817,703
2860,0.03992561250925064,703
2861,-0.13569392263889313,703
2862,-0.5973943471908569,703
2863,2.265016555786133,703
2864,0.22512292861938477,703
2865,-2.0995445251464844,703
2866,0.24976444244384766,703
2867,-0.044923342764377594,703
2868,-0.5790454745292664,703
2869,-0.03140570968389511,703
2870,-1.03102445602417,703
2871,-0.7011577486991882,703
2872,-0.22136354446411133,703
2873,0.7519970536231995,703
2874,-0.24594242870807648,703
2875,-0.4087551534175873,703
2876,-2.132119655609131,703
2877,-0.8789801001548767,703
2878,1.1012648344039917,703
2879,0.007945295423269272,703
2880,-0.9792135953903198,703
2881,-12.50869083404541,703
2882,-1.3815630674362183,703
2883,0.3323860764503479,703
2884,-0.6409169435501099,703
2885,2.444591999053955,703
2886,0.030039086937904358,703
2887,-0.17912834882736206,703
2888,-0.2241758108139038,703
2889,-0.03326011449098587,703
2890,-0.4086070656776428,703
2891,-9.730467796325684,703
2892,-2.685877799987793,703
2893,0.0347817987203598,703
2894,-0.48493295907974243,703
2895,-5.755443096160889,703
2896,0.0871468037366867,703
2897,-0.33713358640670776,703
2898,-3.648984909057617,703
2899,1.3195586204528809,703
2900,0.24551048874855042,703
2901,-0.4869633913040161,703
2902,0.02485915645956993,703
2903,-0.16019445657730103,703
2904,-0.6503455638885498,703
2905,0.08560600876808167,703
2906,0.2997159957885742,703
2907,0.016589032486081123,703
2908,0.00943765789270401,703
2909,0.5704228281974792,703
2910,7.504500865936279,703
2911,0.5290796160697937,703
2912,-0.6397801637649536,703
2913,0.7175476551055908,703
2914,0.03165031969547272,703
2915,3.541332483291626,703
2916,0.34564995765686035,703
2917,-0.1321495920419693,703
2918,0.23622260987758636,703
2919,0.22628793120384216,703
2920,0.016702760010957718,703
2921,0.42043396830558777,703
2922,0.3898434340953827,703
2923,-0.011176167987287045,703
2924,-1.2173293828964233,703
2925,-0.9172385931015015,703
2926,-0.11320280283689499,703
2927,0.23133260011672974,703
2928,-0.7086895704269409,703
2929,-1.113657832145691,703
2930,0.5008397102355957,703
2931,-0.3100205063819885,703
2932,0.41895875334739685,703
2933,-2.949439764022827,703
2934,-5.371723175048828,703
2935,-0.12152761220932007,703
2936,-0.5285623073577881,703
2937,-0.004840566776692867,703
2938,0.15653902292251587,703
2939,1.6931722164154053,703
2940,-0.3112839460372925,703
2941,-1.204984188079834,703
2942,1.1205769777297974,703
2943,1.4290502071380615,703
2944,1.9886531829833984,703
2945,0.04618658125400543,703
2946,-0.6509451866149902,703
2947,-0.1297605037689209,703
2948,-2.119235038757324,703
2949,-0.147988423705101,703
2950,0.18034283816814423,703
2951,-0.7390220761299133,703
2952,0.3410581350326538,703
2953,0.14082521200180054,703
2954,2.103254795074463,703
2955,-1.2567683458328247,703
2956,0.45769771933555603,703
2957,-0.21040096879005432,703
2958,0.03361750394105911,703
2959,0.10758434236049652,703
2960,-0.21502278745174408,703
2961,-5.981617450714111,703
2962,-0.29391950368881226,703
2963,0.010428100824356079,703
2964,0.7997252941131592,703
2965,-0.8747413754463196,703
2966,-0.11699417233467102,703
2967,-0.0067340172827243805,703
2968,0.19222205877304077,703
2969,0.14438875019550323,703
2970,-0.0717257559299469,703
2971,0.05339952930808067,703
2972,4.391171455383301,703
2973,2.5558934211730957,703
2974,-0.8122423887252808,703
2975,0.17736543715000153,703
2976,0.0573076531291008,703
2977,-0.07519258558750153,703
2978,-0.2523724138736725,703
2979,-0.24940836429595947,703
2980,1.5830373764038086,703
2981,0.265891432762146,703
2982,-0.7457370758056641,703
2983,-0.3293110132217407,703
2984,-0.3577043414115906,703
2985,0.7174734473228455,703
2986,3.2462148666381836,703
2987,0.0489046648144722,703
2988,-0.3710147440433502,703
2989,0.04567519947886467,703
2990,-10.130220413208008,703
2991,-0.114033043384552,703
2992,0.10096327215433121,703
2993,0.3407893776893616,703
2994,0.36915552616119385,703
2995,0.35162830352783203,703
2996,0.007059246301651001,703
2997,1.70265531539917,703
2998,-0.9970177412033081,703
2999,0.30338504910469055,703
3000,0.3106843829154968,703
3001,-0.1302277147769928,703
3002,0.001060251146554947,703
3003,0.28330862522125244,703
3004,0.6288313865661621,703
3005,0.07877097278833389,703
3006,2.859318971633911,703
3007,5.4680562019348145,703
3008,3.2768642902374268,703
3009,-0.5849604606628418,703
3010,0.4561251997947693,703
3011,-2.0367963314056396,703
3012,-0.061393965035676956,703
3013,0.0507425032556057,703
3014,-0.4201558232307434,703
3015,1.3350014686584473,703
3016,-0.20122094452381134,703
3017,1.413264513015747,703
3018,-0.36729758977890015,703
3019,-1.0629265308380127,703
3020,-1.2908796072006226,703
3021,0.021286580711603165,703
3022,0.006770086009055376,703
3023,0.7840396165847778,703
3024,0.7774625420570374,703
3025,0.15349121391773224,703
3026,-0.08131391555070877,703
3027,-1.7208129167556763,703
3028,0.30957239866256714,703
3029,-0.8616759181022644,703
3030,0.04049918055534363,703
3031,-0.7864359021186829,703
3032,0.24169746041297913,703
3033,-0.5168862342834473,703
3034,0.07830788195133209,703
3035,-0.05958189815282822,703
3036,-0.10670888423919678,703
3037,-4.966872215270996,703
3038,-0.8673426508903503,703
3039,-0.5864251255989075,703
3040,0.06103553995490074,703
3041,-1.1065913438796997,703
3042,0.007356722839176655,703
3043,-0.2971489131450653,703
3044,0.21497386693954468,703
3045,0.03835590183734894,703
3046,3.009901285171509,703
3047,0.2702968716621399,703
3048,0.03115984983742237,703
3049,7.390019416809082,703
3050,-0.827880859375,703
3051,-3.2620601654052734,703
3052,0.3505764305591583,703
3053,0.7442944049835205,703
3054,-0.01897289790213108,703
3055,2.006096839904785,703
3056,6.006838798522949,703
3057,0.06729071587324142,703
3058,-0.1264304667711258,703
3059,0.010394290089607239,703
3060,2.9710021018981934,703
3061,0.3904474973678589,703
3062,-0.8804295063018799,703
3063,0.4659009575843811,703
3064,-0.6424795985221863,703
3065,0.0064067295752465725,703
3066,-4.754565238952637,703
3067,0.7661582231521606,703
3068,-0.33348697423934937,703
3069,0.009644066914916039,703
3070,-0.3610459566116333,703
3071,-0.590648889541626,703
3072,-0.36963409185409546,703
3073,0.1442195475101471,703
3074,-5.635875701904297,703
3075,-0.44941604137420654,703
3076,0.043926775455474854,703
3077,-1.1263413429260254,703
3078,-1.6817755699157715,703
3079,-1.1591823101043701,703
3080,0.17184105515480042,703
3081,1.1183189153671265,703
3082,-0.30884066224098206,703
3083,-1.5912188291549683,703
3084,-1.8715112209320068,703
3085,0.06804056465625763,703
3086,-0.18887042999267578,703
3087,-0.04976125806570053,703
3088,0.01806897111237049,703
3089,1.8557045459747314,703
3090,-0.4090399742126465,703
3091,1.7801380157470703,703
3092,5.853671073913574,703
3093,9.66089916229248,703
3094,-1.4017701148986816,703
3095,0.16960224509239197,703
3096,-0.01242670789361,703
3097,1.071197271347046,703
3098,-0.036431558430194855,703
3099,-0.04015222191810608,703
3100,-0.12708765268325806,703
3101,-0.2030174434185028,703
3102,0.18606051802635193,703
3103,0.7121729850769043,703
3104,2.6285362243652344,703
3105,-0.6366247534751892,703
3106,-0.8674808740615845,703
3107,-0.13921763002872467,703
3108,0.6408177018165588,703
3109,-0.8641214370727539,703
3110,0.7048115730285645,703
3111,2.1051831245422363,703
3112,-1.6936254501342773,703
3113,3.626641035079956,703
3114,2.0861573219299316,703
3115,-0.010010182857513428,703
3116,0.11825919151306152,703
3117,0.032011307775974274,703
3118,0.4797297418117523,703
3119,0.1059308648109436,703
3120,0.11776769161224365,703
3121,0.3406977653503418,703
3122,0.9749013781547546,703
3123,-1.1667448282241821,703
3124,0.08641299605369568,703
3125,-0.3573203980922699,703
3126,0.13140705227851868,703
3127,0.8943821787834167,703
3128,0.8701782822608948,703
3129,1.261561393737793,703
3130,0.4427471160888672,703
3131,0.09564739465713501,703
3132,-0.4311150908470154,703
3133,0.06735017150640488,703
3134,0.06408318877220154,703
3135,-0.24942657351493835,703
3136,-1.0947747230529785,703
3137,1.7150797843933105,703
3138,0.6327407360076904,703
3139,0.19465863704681396,703
3140,0.020596742630004883,703
3141,-2.7774484157562256,703
3142,-1.3453322649002075,703
3143,1.5124633312225342,703
3144,0.03879384323954582,703
3145,1.0811833143234253,703
3146,0.0023361891508102417,703
3147,1.361565113067627,703
3148,0.44233304262161255,703
3149,0.24917912483215332,703
3150,-0.04686744511127472,703
3151,0.5578771829605103,703
3152,1.0572084188461304,703
3153,0.4465399980545044,703
3154,-0.035985030233860016,703
3155,2.705899715423584,703
3156,-0.16758306324481964,703
3157,-0.8676725625991821,703
3158,0.13994956016540527,703
3159,-0.23707596957683563,703
3160,-0.7954213619232178,703
3161,0.06215476617217064,703
3162,0.5446215867996216,703
3163,0.5283047556877136,703
3164,0.3024974465370178,703
3165,-2.6345484256744385,703
3166,0.38943034410476685,703
3167,0.32878240942955017,703
3168,-0.2110900580883026,703
3169,-0.12187384068965912,703
3170,-0.5913557410240173,703
3171,-0.9921854138374329,703
3172,0.201493501663208,703
3173,0.6666764616966248,703
3174,0.07804419845342636,703
3175,0.17497758567333221,703
3176,-0.08051837235689163,703
3177,-0.3465754985809326,703
3178,0.12206779420375824,703
3179,-4.26765251159668,703
3180,0.8110683560371399,703
3181,-2.376805543899536,703
3182,0.0706692561507225,703
3183,-0.34731122851371765,703
3184,-1.2580384016036987,703
3185,0.929688036441803,703
3186,-0.07523446530103683,703
3187,-0.22135281562805176,703
3188,0.08012527227401733,703
3189,-0.86036217212677,703
3190,-0.029841378331184387,703
3191,-0.5383614301681519,703
3192,-0.6179874539375305,703
3193,0.16749131679534912,703
3194,0.5483229160308838,703
3195,0.4402460753917694,703
3196,5.349609851837158,703
3197,0.2001315802335739,703
3198,0.23496638238430023,703
3199,0.027814969420433044,703
3200,-3.7388243675231934,703
3201,0.775797963142395,703
3202,0.5433590412139893,703
3203,-0.46511009335517883,703
3204,-3.0502798557281494,703
3205,3.4099974632263184,703
3206,0.5179657936096191,703
3207,0.07751043885946274,703
3208,-1.611280083656311,703
3209,-1.9845311641693115,703
3210,0.14714226126670837,703
3211,0.005570652894675732,703
3212,-0.7606313228607178,703
3213,5.222111225128174,703
3214,0.00877763144671917,703
3215,-2.294888734817505,703
3216,-5.009739398956299,703
3217,0.010333620011806488,703
3218,-0.46069976687431335,703
3219,2.259322166442871,703
3220,-0.5121326446533203,703
3221,-0.12342628836631775,703
3222,-0.5751172304153442,703
3223,-0.15389618277549744,703
3224,0.8772257566452026,703
3225,-0.9274965524673462,703
3226,1.4591509103775024,703
3227,0.2128235399723053,703
3228,-0.6845111846923828,703
3229,1.2250494956970215,703
3230,2.0544986724853516,703
3231,0.42856302857398987,703
3232,0.18842117488384247,703
3233,-0.38882845640182495,703
3234,0.5023121237754822,703
3235,0.20340996980667114,703
3236,0.5614743232727051,703
3237,0.004170083440840244,703
3238,-0.713168740272522,703
3239,-0.16388766467571259,703
3240,-3.1595587730407715,703
3241,-1.6522557735443115,703
3242,0.7349638342857361,703
3243,-0.14547142386436462,703
3244,-1.1073716878890991,703
3245,-0.565340518951416,703
3246,1.0777798891067505,703
3247,0.855474591255188,703
3248,-0.003221777267754078,703
3249,-0.451524555683136,703
3250,-0.18534576892852783,703
3251,-0.07354602217674255,703
3252,0.17245009541511536,703
3253,0.08250267058610916,703
3254,2.237804412841797,703
3255,0.49080565571784973,703
3256,0.9956979155540466,703
3257,-0.21703189611434937,703
3258,-0.29802459478378296,703
3259,-1.0012353658676147,703
3260,4.913374900817871,703
3261,-2.0420944690704346,703
3262,-0.025206169113516808,703
3263,-3.7932116985321045,703
3264,0.13510027527809143,703
3265,0.0375639982521534,703
3266,0.309533029794693,703
3267,0.8470636010169983,703
3268,-0.22110965847969055,703
3269,0.16427433490753174,703
3270,0.22596308588981628,703
3271,-0.7564801573753357,703
3272,0.27531495690345764,703
3273,-0.3168373703956604,703
3274,-1.9483706951141357,703
3275,0.5021130442619324,703
3276,0.20457559823989868,703
3277,0.21436700224876404,703
3278,0.20785820484161377,703
3279,-0.9749630093574524,703
3280,0.8981836438179016,703
3281,0.2447894960641861,703
3282,2.1166598796844482,703
3283,-1.3981091976165771,703
3284,0.1675717532634735,703
3285,4.218558311462402,703
3286,0.016855433583259583,703
3287,-1.9531588554382324,703
3288,0.7414727210998535,703
3289,-1.7113361358642578,703
3290,-0.02554944157600403,703
3291,-0.1512385755777359,703
3292,-2.634833335876465,703
3293,-2.0347375869750977,703
3294,0.10533920675516129,703
3295,1.1577047109603882,703
3296,-0.40772730112075806,703
3297,0.12217716872692108,703
3298,0.005865522660315037,703
3299,0.09821413457393646,703
3300,4.62261438369751,703
3301,0.005931917577981949,703
3302,0.31911808252334595,703
3303,-1.6881393194198608,703
3304,0.06649059057235718,703
3305,2.281003952026367,703
3306,0.14160802960395813,703
3307,-0.5881496071815491,703
3308,-2.981175422668457,703
3309,-4.731512069702148,703
3310,-2.283348798751831,703
3311,-0.13123497366905212,703
3312,0.9141731262207031,703
3313,-2.6562371253967285,703
3314,0.6497949361801147,703
3315,-1.0804775953292847,703
3316,0.2853853702545166,703
3317,-0.023620590567588806,703
3318,0.4756234884262085,703
3319,-0.26836568117141724,703
3320,-3.255383253097534,703
3321,0.08755417168140411,703
3322,1.2322683334350586,703
3323,-0.29494863748550415,703
3324,-0.3550226092338562,703
3325,-0.5910398960113525,703
3326,-0.14501801133155823,703
3327,3.3810904026031494,703
3328,0.11160858720541,703
3329,0.29565566778182983,703
3330,2.321197986602783,703
3331,0.6641272306442261,703
3332,0.9482918977737427,703
3333,1.6957935094833374,703
3334,0.6037798523902893,703
3335,0.25562745332717896,703
3336,0.39757823944091797,703
3337,0.0193074531853199,703
3338,-0.7495485544204712,703
3339,-1.6698578596115112,703
3340,-0.018567495048046112,703
3341,0.5392493009567261,703
3342,1.4608802795410156,703
3343,-0.11795897781848907,703
3344,-1.8676961660385132,703
3345,1.141808271408081,703
3346,0.47011905908584595,703
3347,0.11608383059501648,703
3348,-3.1318163871765137,703
3349,0.21042828261852264,703
3350,0.19211873412132263,703
3351,0.27776941657066345,703
3352,-0.9616721868515015,703
3353,8.42783260345459,703
3354,1.7831846475601196,703
3355,0.08063603937625885,703
3356,0.7049514651298523,703
3357,0.26763373613357544,703
3358,-0.04452785477042198,703
3359,-0.3024517893791199,703
3360,-0.21527576446533203,703
3361,1.1073724031448364,703
3362,-5.0682830810546875,703
3363,-1.5527122020721436,703
3364,-0.05171973258256912,703
3365,0.7417911291122437,703
3366,-0.11249608546495438,703
3367,4.640291213989258,703
3368,0.26467180252075195,703
3369,-0.6466608643531799,703
3370,-0.2432752251625061,703
3371,-0.03915098309516907,703
3372,-0.42014625668525696,703
3373,-3.6448581218719482,703
3374,-2.189561367034912,703
3375,0.009670868515968323,703
3376,-0.6642448902130127,703
3377,0.40042805671691895,703
3378,1.09548819065094,703
3379,-2.0066263675689697,703
3380,0.10316414386034012,703
3381,-0.34706735610961914,703
3382,-0.8848649859428406,703
3383,-9.733407974243164,703
3384,-0.976241946220398,703
3385,1.1094056367874146,703
3386,0.7480069398880005,703
3387,0.04441678524017334,703
3388,-0.010605700314044952,703
3389,-0.38726866245269775,703
3390,-0.0318022221326828,703
3391,-0.05295109003782272,703
3392,0.21597257256507874,703
3393,-0.34324875473976135,703
3394,1.9918558597564697,703
3395,0.4429612159729004,703
3396,-0.15840545296669006,703
3397,-1.7756569385528564,703
3398,0.8025611639022827,703
3399,-0.34674519300460815,703
3400,0.285523921251297,703
3401,2.8588809967041016,703
3402,0.029083222150802612,703
3403,1.0343507528305054,703
3404,-0.26152503490448,703
3405,-2.20047926902771,703
3406,4.077248573303223,703
3407,0.9542394876480103,703
3408,1.0217819213867188,703
3409,0.5850937366485596,703
3410,-0.10654541850090027,703
3411,-0.2870393991470337,703
3412,0.01532691065222025,703
3413,0.5832388401031494,703
3414,1.602615475654602,703
3415,2.135878086090088,703
3416,-0.6495797634124756,703
3417,0.07273326814174652,703
3418,0.39304861426353455,703
3419,0.04639875143766403,703
3420,-0.17989543080329895,703
3421,0.8727226257324219,703
3422,-3.5107462406158447,703
3423,0.06414085626602173,703
3424,2.4274892807006836,703
3425,0.2030681073665619,703
3426,-0.4551442265510559,703
3427,-0.008119828999042511,703
3428,0.41827309131622314,703
3429,-0.025883808732032776,703
3430,-3.0000758171081543,703
3431,-3.971111297607422,703
3432,-0.9325128197669983,703
3433,0.05720827728509903,703
3434,0.06180190294981003,703
3435,0.6730918288230896,703
3436,0.007487726863473654,703
3437,1.3298132419586182,703
3438,0.5599400401115417,703
3439,0.3271397352218628,703
3440,-0.09970657527446747,703
3441,1.2973846197128296,703
3442,-0.5063048005104065,703
3443,0.04094860702753067,703
3444,0.9779369831085205,703
3445,0.3220111131668091,703
3446,0.05501434952020645,703
3447,-0.18307249248027802,703
3448,-1.0269122123718262,703
3449,0.06527073681354523,703
3450,-0.11561818420886993,703
3451,-1.1501249074935913,703
3452,0.3566499650478363,703
3453,-3.806596517562866,703
3454,-2.334061622619629,703
3455,0.3257300555706024,703
3456,0.033245522528886795,703
3457,-0.04472358897328377,703
3458,0.665367603302002,703
3459,-1.1610442399978638,703
3460,-1.7324751615524292,703
3461,-0.651098370552063,703
3462,0.2353733479976654,703
3463,0.10547633469104767,703
3464,-0.7432053685188293,703
3465,-0.2961996793746948,703
3466,0.15587422251701355,703
3467,6.533048152923584,703
3468,-2.761526584625244,703
3469,-0.020626582205295563,703
3470,0.02339765429496765,703
3471,-1.0030193328857422,703
3472,-0.12419307976961136,703
3473,-0.10642935335636139,703
3474,-0.20505283772945404,703
3475,2.0652554035186768,703
3476,0.3230147957801819,703
3477,-0.7845239639282227,703
3478,0.09689965844154358,703
3479,0.5873043537139893,703
3480,0.09921112656593323,703
3481,-1.956106424331665,703
3482,2.578369140625,703
3483,-1.151721715927124,703
3484,0.0017010875744745135,703
3485,-0.12474104762077332,703
3486,0.018015563488006592,703
3487,0.9018489122390747,703
3488,0.8442497253417969,703
3489,-0.32197630405426025,703
3490,-1.2084534168243408,703
3491,1.0190021991729736,703
3492,0.1733892560005188,703
3493,0.0050324248149991035,703
3494,-0.18716296553611755,703
3495,-0.39793044328689575,703
3496,0.34193962812423706,703
3497,5.865506172180176,703
3498,-0.18720224499702454,703
3499,0.5280987024307251,703
3500,-0.26720643043518066,703
3501,-6.649410247802734,703
3502,0.31933286786079407,703
3503,0.049465496093034744,703
3504,-3.25533390045166,703
3505,-0.4598279297351837,703
3506,0.4977353811264038,703
3507,-0.06227487325668335,703
3508,0.7758396863937378,703
3509,1.9155021905899048,703
3510,0.1264943778514862,703
3511,-3.3219308853149414,703
3512,0.15086665749549866,703
3513,-0.14270490407943726,703
3514,0.037538882344961166,703
3515,0.0056020403280854225,703
3516,0.5943318009376526,703
3517,-0.24867291748523712,703
3518,0.026818111538887024,703
3519,0.7399529218673706,703
3520,0.15511023998260498,703
3521,-0.07867810875177383,703
3522,0.48182693123817444,703
3523,-0.006747368723154068,703
3524,2.131394386291504,703
3525,-0.021268188953399658,703
3526,-0.014988290145993233,703
3527,-1.1217634677886963,703
3528,-0.920704185962677,703
3529,-0.3260698616504669,703
3530,0.31095412373542786,703
3531,1.0212079286575317,703
3532,0.042922958731651306,703
3533,0.21950797736644745,703
3534,0.7485830783843994,703
3535,0.6213015913963318,703
3536,5.699315071105957,703
3537,0.27856630086898804,703
3538,0.4287613034248352,703
3539,-0.06550562381744385,703
3540,0.6099896430969238,703
3541,-0.14590108394622803,703
3542,2.1273317337036133,703
3543,-1.0343159437179565,703
3544,0.5078736543655396,703
3545,-0.15592855215072632,703
3546,0.01412595808506012,703
3547,-1.4767597913742065,703
3548,-0.08288770914077759,703
3549,-0.5600362420082092,703
3550,0.899244487285614,703
3551,-1.7008941173553467,703
3552,0.060854434967041016,703
3553,1.5691843032836914,703
3554,-0.20742292702198029,703
3555,0.24017523229122162,703
3556,0.06163767725229263,703
3557,0.37063634395599365,703
3558,0.4522393047809601,703
3559,0.48533308506011963,703
3560,0.0006260857917368412,703
3561,-0.8869112730026245,703
3562,-4.4518351554870605,703
3563,1.4885438680648804,703
3564,0.024752356112003326,703
3565,-0.8746600151062012,703
3566,-0.05725821852684021,703
3567,0.5132809281349182,703
3568,0.02751096710562706,703
3569,0.8604308366775513,703
3570,0.12291404604911804,703
3571,0.6464423537254333,703
3572,0.06412838399410248,703
3573,0.027974911034107208,703
3574,0.17488466203212738,703
3575,-0.6515477895736694,703
3576,-0.49548643827438354,703
3577,0.18956248462200165,703
3578,2.8815054893493652,703
3579,-2.021089553833008,703
3580,0.7959266304969788,703
3581,-2.7453970909118652,703
3582,2.6038219928741455,703
3583,-2.465944528579712,703
3584,-0.001043933443725109,703
3585,10.32281494140625,703
3586,0.5693342685699463,703
3587,2.124965190887451,703
3588,0.42193490266799927,703
3589,-0.3197906017303467,703
3590,-3.9263486862182617,703
3591,-0.5153325796127319,703
3592,0.24064376950263977,703
3593,0.0026863201055675745,703
3594,-0.3697131276130676,703
3595,-0.1608167439699173,703
3596,0.7095268964767456,703
3597,-1.3416403532028198,703
3598,1.4893094301223755,703
3599,-9.739184379577637,703
3600,0.5930143594741821,703
3601,-0.039088547229766846,703
3602,-7.366565704345703,703
3603,-1.6357214450836182,703
3604,-0.057819999754428864,703
3605,0.48530200123786926,703
3606,0.6104491949081421,703
3607,0.3569394052028656,703
3608,-1.6114681959152222,703
3609,0.01930144429206848,703
3610,0.4869297742843628,703
3611,0.48748862743377686,703
3612,0.20588701963424683,703
3613,-3.6692728996276855,703
3614,-1.8053632974624634,703
3615,-0.30010986328125,703
3616,0.5439317226409912,703
3617,-0.6359648704528809,703
3618,0.9370865821838379,703
3619,0.27989232540130615,703
3620,1.5145533084869385,703
3621,3.2569689750671387,703
3622,-0.8442462086677551,703
3623,-0.007273939438164234,703
3624,0.7927126288414001,703
3625,0.7752445936203003,703
3626,-0.48267751932144165,703
3627,0.21149666607379913,703
3628,1.0412479639053345,703
3629,-1.1809544563293457,703
3630,0.01118224486708641,703
3631,-0.7940017580986023,703
3632,-0.1377965807914734,703
3633,-1.5514410734176636,703
3634,-0.08174245804548264,703
3635,-0.8826292753219604,703
3636,-0.39102187752723694,703
3637,0.35113734006881714,703
3638,0.9012606143951416,703
3639,-0.40415430068969727,703
3640,0.5154669284820557,703
3641,3.118108034133911,703
3642,-0.08799871802330017,703
3643,1.5225636959075928,703
3644,-0.5289666056632996,703
3645,-0.7501650452613831,703
3646,-0.1005648523569107,703
3647,-2.5476441383361816,703
3648,-0.8315026164054871,703
3649,0.026216916739940643,703
3650,0.04154147207736969,703
3651,0.010026483796536922,703
3652,0.43376925587654114,703
3653,0.5462043285369873,703
3654,0.023308981209993362,703
3655,0.012717526406049728,703
3656,-1.1757991313934326,703
3657,-3.8291120529174805,703
3658,0.05335763096809387,703
3659,-0.05328422784805298,703
3660,-0.8817017674446106,703
3661,0.043108414858579636,703
3662,-0.34235554933547974,703
3663,0.28584104776382446,703
3664,0.07402240484952927,703
3665,0.014988627284765244,703
3666,-0.35440635681152344,703
3667,5.882727146148682,703
3668,-1.2581045627593994,703
3669,-0.3910350799560547,703
3670,-0.07233484089374542,703
3671,-5.126498222351074,703
3672,6.084856986999512,703
3673,-0.6733351945877075,703
3674,0.18453186750411987,703
3675,-2.3757612705230713,703
3676,1.0958954095840454,703
3677,-1.8909595012664795,703
3678,0.47093990445137024,703
3679,0.16830390691757202,703
3680,-7.155165672302246,703
3681,-1.1480673551559448,703
3682,-0.0417393296957016,703
3683,-0.031274035573005676,703
3684,-0.04339472949504852,703
3685,0.0425543449819088,703
3686,0.24238909780979156,703
3687,-0.27337974309921265,703
3688,-1.6361660957336426,703
3689,-0.09438091516494751,703
3690,0.5651364326477051,703
3691,2.1168580055236816,703
3692,-3.0645294189453125,703
3693,0.14753346145153046,703
3694,-2.666234016418457,703
3695,-1.216555118560791,703
3696,0.2544563412666321,703
3697,-2.2129065990448,703
3698,6.413656234741211,703
3699,0.14522400498390198,703
3700,0.33745554089546204,703
3701,0.12727133929729462,703
3702,-0.3830574154853821,703
3703,-0.2534125745296478,703
3704,0.18724337220191956,703
3705,-2.1917831897735596,703
3706,2.121460199356079,703
3707,0.03465605527162552,703
3708,0.12560202181339264,703
3709,-1.7745753526687622,703
3710,-0.14196988940238953,703
3711,2.7004494667053223,703
3712,0.48880136013031006,703
3713,0.09652459621429443,703
3714,-0.8030635118484497,703
3715,-0.054000139236450195,703
3716,1.5315582752227783,703
3717,-1.3261288404464722,703
3718,0.9698157906532288,703
3719,2.1977899074554443,703
3720,0.26855236291885376,703
3721,-1.7595274448394775,703
3722,0.3335281312465668,703
3723,-2.328042507171631,703
3724,-0.3812621235847473,703
3725,-0.008482933044433594,703
3726,-0.2522478401660919,703
3727,0.9581428170204163,703
3728,8.815489768981934,703
3729,0.7006712555885315,703
3730,-0.6899240016937256,703
3731,-0.6613606214523315,703
3732,-1.0252211093902588,703
3733,-7.965419769287109,703
3734,0.3221997618675232,703
3735,0.5852630138397217,703
3736,0.39331313967704773,703
3737,0.21590176224708557,703
3738,-0.4190722107887268,703
3739,-0.31683409214019775,703
3740,-0.012724906206130981,703
3741,-0.40159866213798523,703
3742,-0.07660382241010666,703
3743,1.2742202281951904,703
3744,-0.30124717950820923,703
3745,0.016555961221456528,703
3746,0.17916184663772583,703
3747,-1.110961675643921,703
3748,-0.03918929398059845,703
3749,2.761733055114746,703
3750,0.27117785811424255,703
3751,-0.02539154887199402,703
3752,0.9129987359046936,703
3753,-1.0255494117736816,703
3754,-0.004255506210029125,703
3755,0.10805219411849976,703
3756,0.3872634172439575,703
3757,-0.5774652361869812,703
3758,-0.21820807456970215,703
3759,-0.9261951446533203,703
3760,-1.2319772243499756,703
3761,0.1681501716375351,703
3762,-0.850181519985199,703
3763,-0.2492464780807495,703
3764,-0.753795862197876,703
3765,0.41022297739982605,703
3766,-0.03694872930645943,703
3767,-0.31335681676864624,703
3768,-0.04783099889755249,703
3769,-0.8230770826339722,703
3770,0.04786757379770279,703
3771,-0.5912912487983704,703
3772,0.0075089214369654655,703
3773,-1.7111042737960815,703
3774,0.04203052446246147,703
3775,0.13223418593406677,703
3776,7.619614916620776e-05,703
3777,0.2681569755077362,703
3778,-1.0344730615615845,703
3779,2.0125741958618164,703
3780,-0.48508819937705994,703
3781,0.6735525131225586,703
3782,-0.11785834282636642,703
3783,0.9378609657287598,703
3784,-1.1425518989562988,703
3785,0.009565286338329315,703
3786,-0.8192746043205261,703
3787,0.2086065113544464,703
3788,-1.377030611038208,703
3789,0.010056935250759125,703
3790,3.932858943939209,703
3791,-1.0731710195541382,703
3792,0.8138333559036255,703
3793,0.1831408143043518,703
3794,-0.9314076900482178,703
3795,0.29039323329925537,703
3796,0.2312762439250946,703
3797,5.995152473449707,703
3798,-0.8233314156532288,703
3799,-3.817518949508667,703
3800,-0.05125323683023453,703
3801,-0.2969416081905365,703
3802,0.06992767006158829,703
3803,-1.9889137744903564,703
3804,-0.09667927026748657,703
3805,-0.06568600237369537,703
3806,0.0007052870932966471,703
3807,-0.38293910026550293,703
3808,-0.14057445526123047,703
3809,-1.2395251989364624,703
3810,-6.285901069641113,703
3811,0.4825781583786011,703
3812,0.44918403029441833,703
3813,0.10561712086200714,703
3814,0.2574569284915924,703
3815,1.433657169342041,703
3816,3.4565305709838867,703
3817,-0.0003689657896757126,703
3818,0.008811037987470627,703
3819,-1.072576880455017,703
3820,0.16349253058433533,703
3821,1.9241528511047363,703
3822,0.3898976743221283,703
3823,4.094663619995117,703
3824,2.1902835369110107,703
3825,-3.977308750152588,703
3826,0.07951261103153229,703
3827,0.5462539792060852,703
3828,0.11461405456066132,703
3829,-1.197814702987671,703
3830,-1.3470804691314697,703
3831,0.3485332131385803,703
3832,-3.905277967453003,703
3833,0.024716928601264954,703
3834,-1.5274574756622314,703
3835,-1.2015526294708252,703
3836,-1.4797625541687012,703
3837,0.9524254202842712,703
3838,-2.8513240814208984,703
3839,-0.25598734617233276,703
3840,-0.06861722469329834,703
3841,0.7885760068893433,703
3842,0.4217986464500427,703
3843,0.30488866567611694,703
3844,1.0476475954055786,703
3845,0.8241674304008484,703
3846,-0.8494436740875244,703
3847,-1.2032525539398193,703
3848,-1.0129430294036865,703
3849,0.3214869499206543,703
3850,-4.469217300415039,703
3851,0.44969087839126587,703
3852,0.18721714615821838,703
3853,-0.450185626745224,703
3854,0.05704602599143982,703
3855,-3.134605646133423,703
3856,0.03620801120996475,703
3857,0.3462192118167877,703
3858,-0.04209314286708832,703
3859,0.07235561311244965,703
3860,4.127246379852295,703
3861,0.018517889082431793,703
3862,1.0162278413772583,703
3863,-0.1788179725408554,703
3864,-5.48407506942749,703
3865,-0.03934090584516525,703
3866,0.3610243797302246,703
3867,0.40192094445228577,703
3868,0.16732871532440186,703
3869,0.0009807050228118896,703
3870,-0.02301603928208351,703
3871,-0.19461268186569214,703
3872,-0.13799884915351868,703
3873,-1.5137457847595215,703
3874,0.03787893056869507,703
3875,0.38178810477256775,703
3876,-1.066291332244873,703
3877,4.872537136077881,703
3878,0.4068858027458191,703
3879,0.09104588627815247,703
3880,-0.590526819229126,703
3881,0.6880089044570923,703
3882,2.1368775367736816,703
3883,-0.21187953650951385,703
3884,0.0023801103234291077,703
3885,-0.11055103689432144,703
3886,-3.986253261566162,703
3887,0.271319180727005,703
3888,0.7537379264831543,703
3889,-3.1302709579467773,703
3890,1.3506689071655273,703
3891,-0.2463197112083435,703
3892,-2.316044330596924,703
3893,0.3009379208087921,703
3894,-0.8942562341690063,703
3895,-1.3876235485076904,703
3896,0.8315113186836243,703
3897,0.20210124552249908,703
3898,-0.9259350299835205,703
3899,2.2622718811035156,703
3900,0.9854878187179565,703
3901,0.15601152181625366,703
3902,1.201752781867981,703
3903,0.2602357864379883,703
3904,-0.12229079008102417,703
3905,-0.04236193746328354,703
3906,-0.7149757742881775,703
3907,0.004463978111743927,703
3908,0.8407125473022461,703
3909,0.3496286869049072,703
3910,-0.1467381715774536,703
3911,11.197610855102539,703
3912,-0.3663301467895508,703
3913,2.06410551071167,703
3914,0.026238804683089256,703
3915,0.23315541446208954,703
3916,0.748430073261261,703
3917,0.04352693259716034,703
3918,0.7848759889602661,703
3919,0.5033520460128784,703
3920,0.043493807315826416,703
3921,0.8365496397018433,703
3922,0.020703908056020737,703
3923,-1.7546004056930542,703
3924,-2.1850900650024414,703
3925,-0.4013862609863281,703
3926,1.0024534463882446,703
3927,-0.3758128881454468,703
3928,-0.27911117672920227,703
3929,0.5072115063667297,703
3930,0.3259027600288391,703
3931,0.013477548025548458,703
3932,-0.6490448713302612,703
3933,-0.5417912006378174,703
3934,-4.078835487365723,703
3935,0.8729925155639648,703
3936,3.8043689727783203,703
3937,-0.6195715665817261,703
3938,0.08581453561782837,703
3939,-1.1117595434188843,703
3940,2.429036855697632,703
3941,0.24957485496997833,703
3942,-0.2644079923629761,703
3943,-0.4756757616996765,703
3944,-0.06426471471786499,703
3945,0.12470756471157074,703
3946,-5.401741981506348,703
3947,0.2098168432712555,703
3948,6.30997371673584,703
3949,0.29815617203712463,703
3950,0.5339291095733643,703
3951,0.4390350580215454,703
3952,0.9949828386306763,703
3953,2.3572864532470703,703
3954,0.01789044216275215,703
3955,0.027085842564702034,703
3956,-0.13209372758865356,703
3957,0.03369519114494324,703
3958,0.12222982197999954,703
3959,-1.3938169479370117,703
3960,-0.1463787853717804,703
3961,-3.5685744285583496,703
3962,-0.27771681547164917,703
3963,-7.50555944442749,703
3964,-0.04819784313440323,703
3965,-0.14924539625644684,703
3966,0.9032305479049683,703
3967,-0.003466308116912842,703
3968,0.2882387638092041,703
3969,-3.293374538421631,703
3970,0.6740027070045471,703
3971,-0.4413908123970032,703
3972,1.246303915977478,703
3973,-0.34314191341400146,703
3974,-2.3074169158935547,703
3975,-2.1427524089813232,703
3976,0.1354590207338333,703
3977,-0.03451843932271004,703
3978,-7.497485160827637,703
3979,0.3577898442745209,703
3980,0.027102932333946228,703
3981,0.28270941972732544,703
3982,0.024291586130857468,703
3983,-0.48125797510147095,703
3984,-0.15105131268501282,703
3985,0.6242736577987671,703
3986,0.056289635598659515,703
3987,-0.15970993041992188,703
3988,-0.667898416519165,703
3989,0.5132060050964355,703
3990,-11.723264694213867,703
3991,-0.0036854895297437906,703
3992,1.290419340133667,703
3993,0.28245270252227783,703
3994,0.05186699703335762,703
3995,0.17110122740268707,703
3996,0.01506062876433134,703
3997,-3.140338659286499,703
3998,0.26790669560432434,703
3999,-0.3034970462322235,703
4000,1.4137780666351318,703
4001,0.07937771081924438,703
4002,-0.011539366096258163,703
4003,-0.12254050374031067,703
4004,-0.9296576976776123,703
4005,0.09895999729633331,703
4006,0.03392079845070839,703
4007,-0.19799646735191345,703
4008,0.03072487935423851,703
4009,1.4624333381652832,703
4010,0.5530586242675781,703
4011,-0.12453000992536545,703
4012,0.4290114939212799,703
4013,0.02859053947031498,703
4014,-1.4657258987426758,703
4015,0.4443383812904358,703
4016,2.2510530948638916,703
4017,0.4875669777393341,703
4018,-0.1761549711227417,703
4019,2.956836462020874,703
4020,0.49879908561706543,703
4021,-0.20049144327640533,703
4022,0.09410753101110458,703
4023,-0.2475215196609497,703
4024,-1.1960549354553223,703
4025,0.5842434763908386,703
4026,2.494748592376709,703
4027,0.15361881256103516,703
4028,-0.9588674306869507,703
4029,-0.7220926284790039,703
4030,0.08418022096157074,703
4031,-1.0429344177246094,703
4032,3.2816202640533447,703
4033,0.04490146413445473,703
4034,-0.11476597189903259,703
4035,0.2825157642364502,703
4036,-0.04357504844665527,703
4037,-3.4257216453552246,703
4038,0.19178727269172668,703
4039,0.0717814713716507,703
4040,0.40432652831077576,703
4041,0.08728072047233582,703
4042,4.022928714752197,703
4043,-0.3546208143234253,703
4044,0.09903515130281448,703
4045,0.21698537468910217,703
4046,0.01997583732008934,703
4047,4.0531005859375,703
4048,0.0456390306353569,703
4049,1.8981512784957886,703
4050,0.012492775917053223,703
4051,-1.7204906940460205,703
4052,-0.06934421509504318,703
4053,2.212740898132324,703
4054,0.1254405975341797,703
4055,0.5269094705581665,703
4056,1.6007053852081299,703
4057,-0.10773292183876038,703
4058,-0.5161105394363403,703
4059,0.01756199821829796,703
4060,-0.21882624924182892,703
4061,0.01271061971783638,703
4062,-0.6484859585762024,703
4063,0.15723586082458496,703
4064,-0.44947728514671326,703
4065,0.6003265380859375,703
4066,0.4550791382789612,703
4067,0.21184158325195312,703
4068,0.23837661743164062,703
4069,0.14341269433498383,703
4070,-4.1944379806518555,703
4071,2.836310625076294,703
4072,3.0194780826568604,703
4073,-1.0128352642059326,703
4074,1.1743587255477905,703
4075,0.2257528305053711,703
4076,-0.3380538821220398,703
4077,1.0405511856079102,703
4078,0.01417776569724083,703
4079,0.1895049661397934,703
4080,-0.09942172467708588,703
4081,0.014977961778640747,703
4082,0.2724044620990753,703
4083,-2.0669097900390625,703
4084,0.009815537370741367,703
4085,-0.38772135972976685,703
4086,-0.14520040154457092,703
4087,2.161076545715332,703
4088,0.37343212962150574,703
4089,-2.625326633453369,703
4090,-1.4866832494735718,703
4091,5.073221683502197,703
4092,1.2426025867462158,703
4093,-0.23215779662132263,703
4094,0.35316988825798035,703
4095,-0.23744815587997437,703
4096,6.38031005859375,703
4097,0.010578632354736328,703
4098,0.19543208181858063,703
4099,0.33055734634399414,703
4100,1.230769395828247,703
4101,-3.8164963722229004,703
4102,0.03980875015258789,703
4103,-3.0062694549560547,703
4104,-4.172461032867432,703
4105,-0.7427438497543335,703
4106,-4.115171909332275,703
4107,0.0055813975632190704,703
4108,0.10395839810371399,703
4109,0.2085089087486267,703
4110,-1.055363655090332,703
4111,-0.5338337421417236,703
4112,-1.3420180082321167,703
4113,0.019419372081756592,703
4114,0.21418991684913635,703
4115,0.20120416581630707,703
4116,0.07083249092102051,703
4117,-0.9789260625839233,703
4118,-1.6953222751617432,703
4119,-0.18825030326843262,703
4120,-1.7171859741210938,703
4121,-0.9858945608139038,703
4122,0.02497106045484543,703
4123,-3.612114429473877,703
4124,0.22674798965454102,703
4125,-1.9028100967407227,703
4126,2.881763458251953,703
4127,-0.09397494792938232,703
4128,0.40101534128189087,703
4129,1.4972844123840332,703
4130,-0.12450505793094635,703
4131,-1.8234379291534424,703
4132,0.5975004434585571,703
4133,1.3222930431365967,703
4134,0.029008647426962852,703
4135,-1.140264630317688,703
4136,0.6819609999656677,703
4137,0.2784798741340637,703
4138,-1.0313736200332642,703
4139,0.04548599570989609,703
4140,-1.5298962593078613,703
4141,-0.06679205596446991,703
4142,0.6201109290122986,703
4143,-1.2888439893722534,703
4144,-0.38097643852233887,703
4145,0.18412698805332184,703
4146,0.2892778813838959,703
4147,0.15224389731884003,703
4148,-0.7273777723312378,703
4149,-0.5435085296630859,703
4150,0.17054852843284607,703
4151,0.19596479833126068,703
4152,0.2858199179172516,703
4153,1.2166072130203247,703
4154,-0.30536237359046936,703
4155,1.5148155689239502,703
4156,-0.14599639177322388,703
4157,-2.3055686950683594,703
4158,2.6489062309265137,703
4159,7.793407440185547,703
4160,0.11307606101036072,703
4161,0.060801051557064056,703
4162,-0.22962385416030884,703
4163,1.347123146057129,703
4164,-0.0001942068338394165,703
4165,0.10130946338176727,703
4166,-0.8994613289833069,703
4167,-0.5226644277572632,703
4168,2.120954990386963,703
4169,0.9231691360473633,703
4170,0.17091163992881775,703
4171,0.9958266019821167,703
4172,0.6271951198577881,703
4173,-0.03199302405118942,703
4174,0.2672516703605652,703
4175,-1.0063554048538208,703
4176,-5.1924285888671875,703
4177,-0.8068186044692993,703
4178,0.020783038809895515,703
4179,2.5645275115966797,703
4180,-0.011867452412843704,703
4181,0.18016168475151062,703
4182,-0.805449366569519,703
4183,0.19666890799999237,703
4184,0.03600753843784332,703
4185,-3.8709607124328613,703
4186,-0.2456519603729248,703
4187,-0.6033948659896851,703
4188,-0.09455599635839462,703
4189,0.15893852710723877,703
4190,0.1572188287973404,703
4191,0.7642207145690918,703
4192,0.4520968794822693,703
4193,-0.238592728972435,703
4194,0.12494173645973206,703
4195,-0.06211775541305542,703
4196,0.07291453331708908,703
4197,0.34166422486305237,703
4198,-0.7000656723976135,703
4199,-2.8182027339935303,703
4200,-0.6726449728012085,703
4201,-7.575399875640869,703
4202,0.3944306969642639,703
4203,0.07914294302463531,703
4204,0.6861603260040283,703
4205,-2.2242653369903564,703
4206,-1.5183930397033691,703
4207,-1.1213679313659668,703
4208,-1.7822333574295044,703
4209,1.101104974746704,703
4210,1.1047570705413818,703
4211,-0.3494109809398651,703
4212,0.10369010269641876,703
4213,-0.3820725083351135,703
4214,-0.13750147819519043,703
4215,0.2568061649799347,703
4216,0.7912954688072205,703
4217,-0.2394847273826599,703
4218,-0.018040090799331665,703
4219,10.185544967651367,703
4220,0.1720811277627945,703
4221,-3.330841064453125,703
4222,-0.06895260512828827,703
4223,3.7803955078125,703
4224,0.1426233947277069,703
4225,-0.24614876508712769,703
4226,-0.2133132666349411,703
4227,0.3536750078201294,703
4228,0.16884782910346985,703
4229,-0.5093094706535339,703
4230,-0.809171199798584,703
4231,0.24274051189422607,703
4232,0.855315625667572,703
4233,-1.1719149351119995,703
4234,0.5416210889816284,703
4235,-0.016700664535164833,703
4236,3.6941781044006348,703
4237,0.7752469778060913,703
4238,0.03609097748994827,703
4239,-0.2984526455402374,703
4240,0.6952676773071289,703
4241,-0.7610362768173218,703
4242,0.03720686957240105,703
4243,-0.5303272008895874,703
4244,-3.5519139766693115,703
4245,0.2398674488067627,703
4246,-0.9357994198799133,703
4247,0.04800921678543091,703
4248,-3.3412210941314697,703
4249,-0.005424510687589645,703
4250,1.1486531496047974,703
4251,0.231064572930336,703
4252,-1.2321304082870483,703
4253,-1.7154335975646973,703
4254,0.0654720589518547,703
4255,0.7087040543556213,703
4256,4.32061767578125,703
4257,1.0781487226486206,703
4258,-0.9439052939414978,703
4259,0.028468605130910873,703
4260,1.5028992891311646,703
4261,-1.3281947374343872,703
4262,-0.417813241481781,703
4263,0.15902398526668549,703
4264,0.6015234589576721,703
4265,-0.1602407991886139,703
4266,-0.11132246255874634,703
4267,0.023551009595394135,703
4268,0.2539193332195282,703
4269,0.0914929211139679,703
4270,-0.19242241978645325,703
4271,0.12656457722187042,703
4272,-0.38606828451156616,703
4273,-0.5185316205024719,703
4274,0.1888418197631836,703
4275,-0.07060015201568604,703
4276,1.631090760231018,703
4277,-4.422049522399902,703
4278,1.29042387008667,703
4279,-0.3111460208892822,703
4280,5.443922996520996,703
4281,-0.028471043333411217,703
4282,-0.06250519305467606,703
4283,0.308406263589859,703
4284,-0.48048844933509827,703
4285,-0.5334513187408447,703
4286,0.11394853889942169,703
4287,-1.85312819480896,703
4288,0.7519347667694092,703
4289,0.17500907182693481,703
4290,0.3161422908306122,703
4291,0.20491373538970947,703
4292,0.16225478053092957,703
4293,-0.8308405876159668,703
4294,4.500796794891357,703
4295,-0.21474161744117737,703
4296,-0.3458269536495209,703
4297,0.044091783463954926,703
4298,0.18218791484832764,703
4299,0.18537499010562897,703
4300,1.7325348854064941,703
4301,-0.3047201931476593,703
4302,-0.4895457625389099,703
4303,-3.4033477306365967,703
4304,-7.039533615112305,703
4305,-1.7605726718902588,703
4306,0.4823801815509796,703
4307,0.0002894666977226734,703
4308,-0.8955954313278198,703
4309,0.32114309072494507,703
4310,0.1752186417579651,703
4311,0.9425246715545654,703
4312,-1.0877294540405273,703
4313,-0.14252492785453796,703
4314,-0.009144686162471771,703
4315,4.786365985870361,703
4316,-0.7772760987281799,703
4317,0.09908866137266159,703
4318,-3.62585711479187,703
4319,-0.9118061065673828,703
4320,0.11844104528427124,703
4321,-1.2079417705535889,703
4322,-0.5782826542854309,703
4323,0.10427060723304749,703
4324,0.1373320072889328,703
4325,0.20197372138500214,703
4326,-0.2900538742542267,703
4327,0.23523670434951782,703
4328,1.617784023284912,703
4329,0.40438544750213623,703
4330,-2.3191423416137695,703
4331,0.30144360661506653,703
4332,3.4103505611419678,703
4333,0.02845984324812889,703
4334,1.017469048500061,703
4335,0.08248627185821533,703
4336,1.2438772916793823,703
4337,0.2786236107349396,703
4338,-0.5659003853797913,703
4339,-0.6166617274284363,703
4340,-0.19493377208709717,703
4341,-0.08938624709844589,703
4342,4.417611122131348,703
4343,-0.5072767734527588,703
4344,-0.8270026445388794,703
4345,-0.234617680311203,703
4346,0.04153918847441673,703
4347,-0.2330780029296875,703
4348,0.352233350276947,703
4349,-0.9735310077667236,703
4350,-1.2980153560638428,703
4351,0.42806607484817505,703
4352,-0.13212360441684723,703
4353,-0.4788317382335663,703
4354,0.053048159927129745,703
4355,-1.13312828540802,703
4356,2.013442039489746,703
4357,0.333602637052536,703
4358,0.15454302728176117,703
4359,0.5825951099395752,703
4360,2.001798152923584,703
4361,-0.3289746642112732,703
4362,-1.4881523847579956,703
4363,0.5951029062271118,703
4364,0.4372406005859375,703
4365,2.556098222732544,703
4366,-0.8797627687454224,703
4367,0.41064175963401794,703
4368,0.1932736337184906,703
4369,0.033449750393629074,703
4370,0.08298364281654358,703
4371,-1.3507168292999268,703
4372,-0.09329679608345032,703
4373,1.21158766746521,703
4374,1.0563714504241943,703
4375,0.015029020607471466,703
4376,-0.17704911530017853,703
4377,0.08198406547307968,703
4378,-0.01571027934551239,703
4379,1.7372692823410034,703
4380,0.4690306782722473,703
4381,0.04935365542769432,703
4382,-0.7088100910186768,703
4383,0.0248737633228302,703
4384,1.4660062789916992,703
4385,0.03599884361028671,703
4386,-0.09650342166423798,703
4387,-0.0646279826760292,703
4388,-0.2807536721229553,703
4389,0.644099235534668,703
4390,0.7119021415710449,703
4391,0.47111964225769043,703
4392,-0.35833868384361267,703
4393,-0.3577149510383606,703
4394,-4.565913200378418,703
4395,0.08425614982843399,703
4396,0.2689661383628845,703
4397,-1.6938631534576416,703
4398,0.28952082991600037,703
4399,-0.1806156039237976,703
4400,-0.17136509716510773,703
4401,0.24852409958839417,703
4402,0.22029075026512146,703
4403,0.35696941614151,703
4404,3.1689157485961914,703
4405,-3.2076008319854736,703
4406,0.3070008158683777,703
4407,-2.033292293548584,703
4408,-0.7390359044075012,703
4409,0.07575863599777222,703
4410,0.06372015178203583,703
4411,0.42702290415763855,703
4412,-0.26882368326187134,703
4413,0.8033502101898193,703
4414,-0.5191351175308228,703
4415,-0.14156866073608398,703
4416,0.07198183983564377,703
4417,-1.3776757717132568,703
4418,-1.2066751718521118,703
4419,-3.2311530113220215,703
4420,-0.3944768011569977,703
4421,-5.6779632568359375,703
4422,0.05183228850364685,703
4423,-0.924819827079773,703
4424,-3.553565263748169,703
4425,0.045199908316135406,703
4426,0.11925490200519562,703
4427,0.8123698234558105,703
4428,-0.6960160732269287,703
4429,-1.0461487770080566,703
4430,0.007995594292879105,703
4431,4.7684006690979,703
4432,0.0075157396495342255,703
4433,0.24857136607170105,703
4434,0.2527529001235962,703
4435,-2.1882145404815674,703
4436,-0.04785890504717827,703
4437,0.8482019305229187,703
4438,-0.1797635853290558,703
4439,0.0167495496571064,703
4440,0.036482155323028564,703
4441,2.560305595397949,703
4442,-0.49706852436065674,703
4443,2.0622384548187256,703
4444,1.2980374097824097,703
4445,-1.9906679391860962,703
4446,-0.032268788665533066,703
4447,-0.16567745804786682,703
4448,0.04914618283510208,703
4449,-0.06167449429631233,703
4450,0.45642125606536865,703
4451,-0.518089771270752,703
4452,0.6887333393096924,703
4453,-0.034307919442653656,703
4454,0.2781752347946167,703
4455,-0.04078231751918793,703
4456,0.8485527634620667,703
4457,0.07206328213214874,703
4458,0.05587252229452133,703
4459,-0.08644969761371613,703
4460,-0.2890814542770386,703
4461,0.40951237082481384,703
4462,0.03262367472052574,703
4463,-0.6623848676681519,703
4464,2.5231833457946777,703
4465,-0.05907489359378815,703
4466,-1.2150254249572754,703
4467,-2.035949230194092,703
4468,-0.14233973622322083,703
4469,-0.07368015497922897,703
4470,-0.26760002970695496,703
4471,-2.6082351207733154,703
4472,0.7825899124145508,703
4473,-1.736572504043579,703
4474,3.90511417388916,703
4475,1.4404046535491943,703
4476,4.6424665451049805,703
4477,-1.0645092725753784,703
4478,0.08088205754756927,703
4479,0.10198415070772171,703
4480,-0.43837910890579224,703
4481,-0.10880916565656662,703
4482,0.14185279607772827,703
4483,2.2228567600250244,703
4484,0.04829869046807289,703
4485,-1.3044133186340332,703
4486,1.5653815269470215,703
4487,0.7120380401611328,703
4488,-0.530222475528717,703
4489,-0.36228394508361816,703
4490,0.36938437819480896,703
4491,3.9563655853271484,703
4492,-0.39159807562828064,703
4493,-0.47043389081954956,703
4494,0.02800796739757061,703
4495,-0.23380422592163086,703
4496,-2.844944953918457,703
4497,0.10047318041324615,703
4498,0.19130833446979523,703
4499,-0.30976319313049316,703
4500,-0.005776837468147278,703
4501,0.09351491928100586,703
4502,-0.0859605073928833,703
4503,-0.1318410038948059,703
4504,0.6657401919364929,703
4505,-0.14781898260116577,703
4506,-1.892225742340088,703
4507,0.39266836643218994,703
4508,0.0803489163517952,703
4509,0.04458611086010933,703
4510,0.3248975872993469,703
4511,-0.750983476638794,703
4512,0.19188465178012848,703
4513,-0.08283132314682007,703
4514,0.8483534455299377,703
4515,-2.762112617492676,703
4516,1.988147497177124,703
4517,-0.9578708410263062,703
4518,2.5649003982543945,703
4519,-0.29052573442459106,703
4520,-0.13335686922073364,703
4521,-0.20877289772033691,703
4522,-0.2979554235935211,703
4523,-2.5932393074035645,703
4524,-3.723391056060791,703
4525,0.4144008755683899,703
4526,0.36442700028419495,703
4527,-1.0876336097717285,703
4528,-0.026809437200427055,703
4529,0.12622730433940887,703
4530,0.7190753221511841,703
4531,0.7791407108306885,703
4532,-0.15044604241847992,703
4533,1.4775315523147583,703
4534,-0.08189515769481659,703
4535,0.2888988256454468,703
4536,1.1185742616653442,703
4537,-0.9959069490432739,703
4538,-1.460205078125,703
4539,1.7177860736846924,703
4540,4.897345542907715,703
4541,0.02940109372138977,703
4542,0.4552140235900879,703
4543,0.5284457206726074,703
4544,-2.378190040588379,703
4545,-0.18159881234169006,703
4546,1.6829240322113037,703
4547,0.2605423629283905,703
4548,-0.3336634933948517,703
4549,0.14482054114341736,703
4550,0.18804338574409485,703
4551,0.42811453342437744,703
4552,2.4191253185272217,703
4553,0.24786444008350372,703
4554,0.8820425271987915,703
4555,0.7385850548744202,703
4556,0.19333921372890472,703
4557,0.1652778685092926,703
4558,-1.7702317237854004,703
4559,-0.1691298484802246,703
4560,0.009862765669822693,703
4561,0.0840090662240982,703
4562,2.754664421081543,703
4563,-0.32899197936058044,703
4564,1.3105372190475464,703
4565,-1.3629565238952637,703
4566,0.7094724178314209,703
4567,-1.3849118947982788,703
4568,2.323225736618042,703
4569,-0.7637726664543152,703
4570,-4.502842903137207,703
4571,0.31368502974510193,703
4572,-2.9203593730926514,703
4573,1.6113944053649902,703
4574,-0.06208372116088867,703
4575,1.49131178855896,703
4576,0.04397457838058472,703
4577,2.128249406814575,703
4578,0.17465674877166748,703
4579,-5.407815933227539,703
4580,0.3662884533405304,703
4581,0.15485158562660217,703
4582,0.37056469917297363,703
4583,-1.1841518878936768,703
4584,0.029422547668218613,703
4585,1.3826425075531006,703
4586,-0.5520543456077576,703
4587,9.529897689819336,703
4588,0.11795385181903839,703
4589,0.046864353120326996,703
4590,-0.11322115361690521,703
4591,0.31668928265571594,703
4592,-0.28271085023880005,703
4593,0.4034911096096039,703
4594,0.0026284062769263983,703
4595,-1.0933603048324585,703
4596,-0.014982778578996658,703
4597,-2.6735525131225586,703
4598,-1.7994747161865234,703
4599,0.03339858725667,703
4600,6.162994384765625,703
4601,0.021668560802936554,703
4602,4.993589401245117,703
4603,2.088850498199463,703
4604,-0.3805641531944275,703
4605,-3.3996121883392334,703
4606,7.437995433807373,703
4607,0.07787108421325684,703
4608,0.5562859773635864,703
4609,0.09373654425144196,703
4610,0.5859439373016357,703
4611,0.02959994412958622,703
4612,-0.15976667404174805,703
4613,1.8242400884628296,703
4614,-0.3188231587409973,703
4615,-2.777320146560669,703
4616,-3.2068514823913574,703
4617,-0.9661873579025269,703
4618,0.1389939785003662,703
4619,-2.3864660263061523,703
4620,2.8077943325042725,703
4621,-1.7255531549453735,703
4622,2.295003652572632,703
4623,0.8701623678207397,703
4624,-2.625610828399658,703
4625,-0.1861497461795807,703
4626,0.237015038728714,703
4627,-0.11703400313854218,703
4628,0.8181239366531372,703
4629,-2.509065866470337,703
4630,0.2882020175457001,703
4631,0.33969080448150635,703
4632,-0.12827235460281372,703
4633,0.10013245046138763,703
4634,-0.3119211494922638,703
4635,-0.055915847420692444,703
4636,-0.32198911905288696,703
4637,3.057267904281616,703
4638,0.8443464040756226,703
4639,-0.015795841813087463,703
4640,0.18385176360607147,703
4641,0.05544351786375046,703
4642,0.48831430077552795,703
4643,0.5517382621765137,703
4644,-0.6179960370063782,703
4645,-0.1414058655500412,703
4646,0.04598007723689079,703
4647,0.47518977522850037,703
4648,0.2645142674446106,703
4649,0.009021456353366375,703
4650,0.1744987666606903,703
4651,0.15897686779499054,703
4652,4.091209411621094,703
4653,-0.31991708278656006,703
4654,-3.4749207496643066,703
4655,-0.34875184297561646,703
4656,-5.80930757522583,703
4657,0.0987301766872406,703
4658,-4.351197242736816,703
4659,0.09040337055921555,703
4660,-0.7935069799423218,703
4661,-0.23112273216247559,703
4662,-2.5032217502593994,703
4663,1.698727011680603,703
4664,-0.19606906175613403,703
4665,0.13747699558734894,703
4666,-1.8020005226135254,703
4667,0.17333710193634033,703
4668,-2.9323883056640625,703
4669,0.02570442482829094,703
4670,1.2228269577026367,703
4671,0.8741496801376343,703
4672,1.732987880706787,703
4673,0.6251826882362366,703
4674,1.0751583576202393,703
4675,-0.23782968521118164,703
4676,-0.14819732308387756,703
4677,-0.5944359302520752,703
4678,0.004338533151894808,703
4679,0.2777133584022522,703
4680,1.3932908773422241,703
4681,0.6745883226394653,703
4682,1.3371555805206299,703
4683,0.8643025159835815,703
4684,-0.08231066912412643,703
4685,-0.4480058550834656,703
4686,-1.417781114578247,703
4687,0.2779161036014557,703
4688,0.06203140318393707,703
4689,0.4486360251903534,703
4690,0.008302778005599976,703
4691,0.6235085129737854,703
4692,0.3906393349170685,703
4693,-0.8214442133903503,703
4694,1.1582868099212646,703
4695,1.4504328966140747,703
4696,-0.49328458309173584,703
4697,3.5988311767578125,703
4698,-0.07336986064910889,703
4699,-0.64057856798172,703
4700,-2.323094606399536,703
4701,2.5609426498413086,703
4702,-0.4669702649116516,703
4703,-3.3022327423095703,703
4704,-2.168135404586792,703
4705,-1.3328332901000977,703
4706,0.11428891122341156,703
4707,-0.46330732107162476,703
4708,0.04209126904606819,703
4709,-0.6523022651672363,703
4710,0.46601244807243347,703
4711,0.22080090641975403,703
4712,3.726113796234131,703
4713,-5.565240859985352,703
4714,-2.155407667160034,703
4715,-1.4463751316070557,703
4716,0.31807151436805725,703
4717,0.003739845473319292,703
4718,1.9114854335784912,703
4719,0.36899569630622864,703
4720,0.2639995813369751,703
4721,-3.069512128829956,703
4722,-0.01749633252620697,703
4723,0.6635850071907043,703
4724,-4.4679365158081055,703
4725,-0.6543551087379456,703
4726,-0.5033330917358398,703
4727,-0.4279515743255615,703
4728,-6.216540813446045,703
4729,0.009548043832182884,703
4730,-0.0859605073928833,703
4731,0.03545362502336502,703
4732,-0.024550411850214005,703
4733,0.023549092933535576,703
4734,1.1710082292556763,703
4735,-0.5553908348083496,703
4736,0.16661980748176575,703
4737,0.007491573691368103,703
4738,4.3469157218933105,703
4739,1.0927234888076782,703
4740,3.774686813354492,703
4741,-0.2670704126358032,703
4742,-0.5405619740486145,703
4743,0.057179950177669525,703
4744,0.274427592754364,703
4745,2.329789638519287,703
4746,1.0629703998565674,703
4747,0.026056423783302307,703
4748,1.0011353492736816,703
4749,0.43163633346557617,703
4750,0.5981255769729614,703
4751,0.3737473785877228,703
4752,-0.5340913534164429,703
4753,0.2128680944442749,703
4754,-0.2936614453792572,703
4755,-7.608262062072754,703
4756,-0.2939932644367218,703
4757,-0.514495849609375,703
4758,-3.0101091861724854,703
4759,-1.509871244430542,703
4760,-0.44259878993034363,703
4761,1.099022626876831,703
4762,0.37126779556274414,703
4763,-0.19349351525306702,703
4764,-0.527253270149231,703
4765,1.676146388053894,703
4766,0.3853676915168762,703
4767,1.0931217670440674,703
4768,0.09609014540910721,703
4769,2.675825357437134,703
4770,-1.7447727918624878,703
4771,0.041581399738788605,703
4772,4.6186981201171875,703
4773,-0.0353529155254364,703
4774,3.564236879348755,703
4775,0.3148019015789032,703
4776,-0.3519268333911896,703
4777,0.005974151194095612,703
4778,0.20137841999530792,703
4779,0.03467889875173569,703
4780,1.494974970817566,703
4781,-0.4730798900127411,703
4782,0.14731943607330322,703
4783,0.8539996147155762,703
4784,6.109041213989258,703
4785,-2.7312374114990234,703
4786,-0.05343712121248245,703
4787,0.14362312853336334,703
4788,-0.2861424684524536,703
4789,0.2081870436668396,703
4790,0.24611994624137878,703
4791,0.016136759892106056,703
4792,-0.0362020768225193,703
4793,-0.571804404258728,703
4794,1.7213631868362427,703
4795,-0.5163779258728027,703
4796,0.05711326748132706,703
4797,-0.005719614215195179,703
4798,0.3660476803779602,703
4799,-5.867407321929932,703
4800,0.028306156396865845,703
4801,-1.967973232269287,703
4802,0.1550658941268921,703
4803,0.6124204397201538,703
4804,0.05952781066298485,703
4805,0.021486258134245872,703
4806,-0.005997489206492901,703
4807,0.1555803269147873,703
4808,-0.5792334675788879,703
4809,0.23313328623771667,703
4810,-0.11442729830741882,703
4811,1.2898372411727905,703
4812,0.27032387256622314,703
4813,0.29630348086357117,703
4814,-1.0940227508544922,703
4815,0.00231219083070755,703
4816,-0.0005480153486132622,703
4817,0.21376395225524902,703
4818,0.331680029630661,703
4819,0.5858246088027954,703
4820,-0.2551721930503845,703
4821,1.2346938848495483,703
4822,5.400998115539551,703
4823,0.010028619319200516,703
4824,-0.8119372725486755,703
4825,0.08201134949922562,703
4826,-0.9127640128135681,703
4827,0.04147806391119957,703
4828,-0.6709394454956055,703
4829,-0.24415194988250732,703
4830,-0.8039168119430542,703
4831,0.1775573194026947,703
4832,2.2929248809814453,703
4833,-0.031474653631448746,703
4834,0.03606000542640686,703
4835,-2.4944398403167725,703
4836,3.4176902770996094,703
4837,-1.6465229988098145,703
4838,0.4865712523460388,703
4839,3.5983824729919434,703
4840,-0.18892332911491394,703
4841,-1.830150842666626,703
4842,0.06371060013771057,703
4843,0.20604649186134338,703
4844,0.08413556963205338,703
4845,0.13895834982395172,703
4846,0.1741984486579895,703
4847,-0.17145133018493652,703
4848,0.577847957611084,703
4849,0.26744377613067627,703
4850,-1.8512459993362427,703
4851,-4.681000709533691,703
4852,0.1454162895679474,703
4853,1.1553152799606323,703
4854,-0.049440495669841766,703
4855,0.4377915859222412,703
4856,5.873063087463379,703
4857,3.488009452819824,703
4858,-2.653993844985962,703
4859,-1.4278302192687988,703
4860,0.8196810483932495,703
4861,0.3029940128326416,703
4862,0.05469772219657898,703
4863,0.004830582067370415,703
4864,1.1921803951263428,703
4865,0.5057612657546997,703
4866,0.05381983518600464,703
4867,0.8596396446228027,703
4868,-0.2916460633277893,703
4869,1.1573190689086914,703
4870,0.5059118270874023,703
4871,0.2407502830028534,703
4872,1.632828950881958,703
4873,-2.6208760738372803,703
4874,3.6353073120117188,703
4875,0.07473542541265488,703
4876,0.10987632721662521,703
4877,0.6199297308921814,703
4878,3.416266918182373,703
4879,0.19008171558380127,703
4880,0.07075458765029907,703
4881,0.002554974053055048,703
4882,0.038263577967882156,703
4883,0.24472472071647644,703
4884,-6.252991199493408,703
4885,0.0038579795509576797,703
4886,-1.3375167846679688,703
4887,0.9345839023590088,703
4888,0.36366039514541626,703
4889,-0.07480508834123611,703
4890,-0.44496747851371765,703
4891,1.2768666744232178,703
4892,-0.0781826376914978,703
4893,-0.1755572259426117,703
4894,1.479225516319275,703
4895,0.014492114074528217,703
4896,0.9535971879959106,703
4897,0.3790324330329895,703
4898,-0.1444876343011856,703
4899,0.009396975859999657,703
4900,0.3811871111392975,703
4901,-0.901063084602356,703
4902,0.13941249251365662,703
4903,-2.4909300804138184,703
4904,0.7917419075965881,703
4905,0.010983540676534176,703
4906,-0.1915178894996643,703
4907,-4.225170612335205,703
4908,-0.4817996621131897,703
4909,0.08715665340423584,703
4910,-0.666766881942749,703
4911,-0.11439570784568787,703
4912,3.2805981636047363,703
4913,0.27107781171798706,703
4914,-0.05568212270736694,703
4915,0.6491599678993225,703
4916,-0.6807293891906738,703
4917,-1.5636792182922363,703
4918,0.17463313043117523,703
4919,-0.7598859071731567,703
4920,1.0983647108078003,703
4921,-0.038312219083309174,703
4922,0.17932379245758057,703
4923,0.260625422000885,703
4924,-0.19763897359371185,703
4925,0.09928678721189499,703
4926,3.886803150177002,703
4927,1.3645503520965576,703
4928,-0.573896050453186,703
4929,-0.12140180170536041,703
4930,0.14900042116641998,703
4931,-2.4929888248443604,703
4932,1.3542567491531372,703
4933,0.060805194079875946,703
4934,-0.32624125480651855,703
4935,-0.07939772307872772,703
4936,-0.6173058152198792,703
4937,-0.45041269063949585,703
4938,-0.22038768231868744,703
4939,-0.8253459930419922,703
4940,0.5685285329818726,703
4941,-0.1201293095946312,703
4942,-2.8921632766723633,703
4943,-0.11346536874771118,703
4944,-0.18225634098052979,703
4945,0.22769582271575928,703
4946,0.2874164581298828,703
4947,-0.417466938495636,703
4948,0.07453858107328415,703
4949,-2.0492923259735107,703
4950,0.20861193537712097,703
4951,0.18889756500720978,703
4952,-0.4620834290981293,703
4953,-1.0884901285171509,703
4954,-3.7545504570007324,703
4955,-0.22522734105587006,703
4956,0.42182523012161255,703
4957,-0.9440301060676575,703
4958,3.007793426513672,703
4959,0.10316362977027893,703
4960,1.046087384223938,703
4961,0.35716718435287476,703
4962,0.16631487011909485,703
4963,0.38980352878570557,703
4964,-0.2971087098121643,703
4965,-0.3777596056461334,703
4966,0.1613144874572754,703
4967,0.6083876490592957,703
4968,0.09607064723968506,703
4969,0.10853196680545807,703
4970,0.20280104875564575,703
4971,1.6787396669387817,703
4972,-1.3185093402862549,703
4973,-0.5308489799499512,703
4974,0.7682381868362427,703
4975,0.040567487478256226,703
4976,-1.066237211227417,703
4977,-0.04484870284795761,703
4978,2.046588182449341,703
4979,2.5545921325683594,703
4980,3.4063937664031982,703
4981,0.09544692188501358,703
4982,0.103244349360466,703
4983,-0.14161181449890137,703
4984,9.649602890014648,703
4985,0.10849883407354355,703
4986,-0.7120769023895264,703
4987,-2.291890859603882,703
4988,-0.168551504611969,703
4989,0.4607979655265808,703
4990,0.4945596158504486,703
4991,-0.12176015228033066,703
4992,1.1191766262054443,703
4993,-0.06596539914608002,703
4994,2.4248499870300293,703
4995,-0.02732175961136818,703
4996,0.6351766586303711,703
4997,0.2679841220378876,703
4998,0.016314009204506874,703
4999,4.187328338623047,703
5000,-0.27448874711990356,703
5001,-0.043210458010435104,703
5002,-1.0558151006698608,703
5003,-0.08455357700586319,703
5004,-0.3369404077529907,703
5005,-2.0595152378082275,703
5006,-0.46866217255592346,703
5007,-2.735806941986084,703
5008,3.2695930004119873,703
5009,-0.07420182228088379,703
5010,-1.0278427600860596,703
5011,1.540087342262268,703
5012,-1.5044070482254028,703
5013,0.3972606062889099,703
5014,-4.706416606903076,703
5015,3.042916774749756,703
5016,0.005439801141619682,703
5017,-0.1191895455121994,703
5018,-0.943443775177002,703
5019,-1.8058929443359375,703
5020,-0.350227952003479,703
5021,4.280680179595947,703
5022,-0.003945684060454369,703
5023,-1.8405191898345947,703
5024,-0.44723305106163025,703
5025,-0.9172094464302063,703
5026,1.2115447521209717,703
5027,0.04658491909503937,703
5028,-1.7081133127212524,703
5029,0.9737628698348999,703
5030,2.227839946746826,703
5031,2.0907726287841797,703
5032,-3.220240831375122,703
5033,-0.2173696905374527,703
5034,-0.04407453536987305,703
5035,-0.24132680892944336,703
5036,-0.2977063059806824,703
5037,-3.4544477462768555,703
5038,-0.3950138986110687,703
5039,-0.09472782164812088,703
5040,-3.899965763092041,703
5041,0.5559706091880798,703
5042,3.4408655166625977,703
5043,0.02784322202205658,703
5044,0.14022594690322876,703
5045,-8.978452682495117,703
5046,1.9721322059631348,703
5047,0.37721890211105347,703
5048,0.0023242756724357605,703
5049,0.04971933364868164,703
5050,-1.6882903575897217,703
5051,0.007401671260595322,703
5052,-0.11210796236991882,703
5053,0.17179907858371735,703
5054,-0.3897669315338135,703
5055,0.07679609209299088,703
5056,-0.05313502252101898,703
5057,0.07558867335319519,703
5058,0.9063645601272583,703
5059,0.11377516388893127,703
5060,-0.4254673719406128,703
5061,-0.783035397529602,703
5062,1.7045551538467407,703
5063,2.092085838317871,703
5064,-0.05575554072856903,703
5065,-0.060434482991695404,703
5066,-0.015774469822645187,703
5067,1.3420391082763672,703
5068,0.4040871560573578,703
5069,-1.6557519435882568,703
5070,0.009580165147781372,703
5071,1.5156254768371582,703
5072,-0.6497707366943359,703
5073,0.18862639367580414,703
5074,0.10012929141521454,703
5075,-0.457938015460968,703
5076,1.1465634107589722,703
5077,-0.29223525524139404,703
5078,0.5343146324157715,703
5079,-0.923566997051239,703
5080,-0.7571668028831482,703
5081,-2.848703384399414,703
5082,0.08652880787849426,703
5083,0.060003675520420074,703
5084,-1.9565491676330566,703
5085,8.780929565429688,703
5086,4.0091962814331055,703
5087,0.052127543836832047,703
5088,2.82763409614563,703
5089,-0.44557201862335205,703
5090,0.34521397948265076,703
5091,0.211452454328537,703
5092,1.5630128383636475,703
5093,0.08962678164243698,703
5094,-0.7884787321090698,703
5095,0.6810610890388489,703
5096,-5.277298450469971,703
5097,0.28019407391548157,703
5098,-1.333853006362915,703
5099,0.11525224149227142,703
5100,1.8275911808013916,703
5101,0.5080989003181458,703
5102,1.1537526845932007,703
5103,1.1383426189422607,703
5104,-5.77147102355957,703
5105,-0.18706351518630981,703
5106,-2.181370973587036,703
5107,0.07606086134910583,703
5108,0.1065795049071312,703
5109,0.1963547319173813,703
5110,-1.979039192199707,703
5111,-0.9181866645812988,703
5112,1.9495060443878174,703
5113,0.289803147315979,703
5114,-0.18412819504737854,703
5115,0.08971826732158661,703
5116,0.009253384545445442,703
5117,-0.05684609338641167,703
5118,0.38713762164115906,703
5119,0.9028818607330322,703
5120,0.6077428460121155,703
5121,-0.037259310483932495,703
5122,-0.8842730522155762,703
5123,1.230900764465332,703
5124,0.7291284203529358,703
5125,-0.7284030914306641,703
5126,0.18244394659996033,703
5127,0.6428606510162354,703
5128,0.39182165265083313,703
5129,-0.7572100758552551,703
5130,0.09050047397613525,703
5131,1.4397718906402588,703
5132,-1.1976237297058105,703
5133,-0.312427818775177,703
5134,0.10030592232942581,703
5135,0.7317537069320679,703
5136,-0.0017750710248947144,703
5137,-0.2737007141113281,703
5138,-0.701689600944519,703
5139,0.007264820858836174,703
5140,2.379185199737549,703
5141,0.8090352416038513,703
5142,-0.8098791241645813,703
5143,-6.26622200012207,703
5144,-2.442668914794922,703
5145,-0.36897265911102295,703
5146,2.274508476257324,703
5147,0.7562512159347534,703
5148,0.007333947345614433,703
5149,0.6122394800186157,703
5150,0.2098107635974884,703
5151,-0.19338157773017883,703
5152,-0.1019989401102066,703
5153,0.18319839239120483,703
5154,0.2576397657394409,703
5155,-7.876743316650391,703
5156,-1.1855751276016235,703
5157,0.11666083335876465,703
5158,-0.6010240316390991,703
5159,-0.8142514228820801,703
5160,-0.7300453186035156,703
5161,-0.578722357749939,703
5162,-2.1858365535736084,703
5163,0.10219043493270874,703
5164,2.6783640384674072,703
5165,0.05229014903306961,703
5166,0.2915578782558441,703
5167,3.4929466247558594,703
5168,0.497225821018219,703
5169,-0.10183605551719666,703
5170,0.522758424282074,703
5171,-4.585268497467041,703
5172,0.3081161677837372,703
5173,-0.9048492908477783,703
5174,0.5114880800247192,703
5175,0.611000657081604,703
5176,-0.8506496548652649,703
5177,-0.4510417580604553,703
5178,1.0859851837158203,703
5179,-0.5750147104263306,703
5180,-0.7332125902175903,703
5181,-0.9535282850265503,703
5182,0.2673271596431732,703
5183,0.1397882103919983,703
5184,-0.7040452361106873,703
5185,0.2067304253578186,703
5186,0.10735179483890533,703
5187,3.148515462875366,703
5188,0.4179614782333374,703
5189,0.9211897253990173,703
5190,0.20740050077438354,703
5191,-0.0006811562925577164,703
5192,-0.0601675808429718,703
5193,-1.2644509077072144,703
5194,1.1826608180999756,703
5195,0.27573874592781067,703
5196,-0.9186458587646484,703
5197,-1.8407868146896362,703
5198,-0.6867172718048096,703
5199,0.01628393679857254,703
5200,-4.850749969482422,703
5201,2.5308709144592285,703
5202,0.4243209660053253,703
5203,-1.7056093215942383,703
5204,0.4753551483154297,703
5205,-1.2682549953460693,703
5206,1.6639933586120605,703
5207,-0.00013037212193012238,703
5208,-0.038145869970321655,703
5209,-0.1103476732969284,703
5210,-0.09388432651758194,703
5211,1.5790505409240723,703
5212,-0.3617270886898041,703
5213,0.15978212654590607,703
5214,-0.3335745930671692,703
5215,-0.1161285936832428,703
5216,-3.114931583404541,703
5217,-0.02476505935192108,703
5218,-2.123413562774658,703
5219,-2.366894483566284,703
5220,0.040722813457250595,703
5221,0.08486400544643402,703
5222,0.47473257780075073,703
5223,1.8901243209838867,703
5224,-0.1792486011981964,703
5225,0.36602723598480225,703
5226,-0.2645918130874634,703
5227,0.26223820447921753,703
5228,0.2109103947877884,703
5229,6.967487335205078,703
5230,9.171687126159668,703
5231,0.13216041028499603,703
5232,-1.0024495124816895,703
5233,-1.8004237413406372,703
5234,-0.3255336582660675,703
5235,-0.3111846446990967,703
5236,-0.06907472759485245,703
5237,-0.8155748248100281,703
5238,-0.22449633479118347,703
5239,0.22811096906661987,703
5240,0.5288504958152771,703
5241,0.026420561596751213,703
5242,-1.7269752025604248,703
5243,-0.026176661252975464,703
5244,0.6397836804389954,703
5245,-0.04556530714035034,703
5246,-3.5700509548187256,703
5247,0.12789973616600037,703
5248,0.2719408869743347,703
5249,-1.829946756362915,703
5250,0.9598461389541626,703
5251,-0.2072247862815857,703
5252,0.01970600336790085,703
5253,-0.03134842589497566,703
5254,-0.4216853976249695,703
5255,0.272615909576416,703
5256,0.0373273640871048,703
5257,0.02154744230210781,703
5258,0.2627045214176178,703
5259,0.7259001731872559,703
5260,1.1303935050964355,703
5261,-0.1523914337158203,703
5262,0.13767583668231964,703
5263,1.0685176849365234,703
5264,-3.0236434936523438,703
5265,1.101142168045044,703
5266,0.3395398259162903,703
5267,0.15676219761371613,703
5268,-0.6641544103622437,703
5269,-2.6971354484558105,703
5270,-1.153214931488037,703
5271,0.35674840211868286,703
5272,0.14375542104244232,703
5273,-4.833479404449463,703
5274,-0.5665037631988525,703
5275,-0.7921368479728699,703
5276,0.43297964334487915,703
5277,0.7099239826202393,703
5278,0.9264220595359802,703
5279,1.116432785987854,703
5280,2.9038915634155273,703
5281,-0.22751739621162415,703
5282,-0.24926896393299103,703
5283,-4.034905910491943,703
5284,-0.9755493402481079,703
5285,-0.49156343936920166,703
5286,-0.028643295168876648,703
5287,-0.002895056502893567,703
5288,-0.4948834478855133,703
5289,-0.17606954276561737,703
5290,-0.06939296424388885,703
5291,2.1326489448547363,703
5292,-0.33241525292396545,703
5293,-0.178073912858963,703
5294,-1.1382312774658203,703
5295,-0.23602670431137085,703
5296,-1.0425074100494385,703
5297,-0.17033982276916504,703
5298,0.28178587555885315,703
5299,2.0127973556518555,703
5300,0.05995267629623413,703
5301,0.2994023859500885,703
5302,-2.031751871109009,703
5303,-0.2380521446466446,703
5304,-0.3317126929759979,703
5305,-0.6670328378677368,703
5306,-0.03956517577171326,703
5307,0.2552274167537689,703
5308,-0.05085919052362442,703
5309,0.7988909482955933,703
5310,-0.26206085085868835,703
5311,-0.21072369813919067,703
5312,0.44543248414993286,703
5313,0.14595240354537964,703
5314,3.7100250720977783,703
5315,0.4447532594203949,703
5316,0.02296312339603901,703
5317,-0.8676098585128784,703
5318,-0.0943700522184372,703
5319,-2.354642391204834,703
5320,0.13606782257556915,703
5321,-4.315224647521973,703
5322,-2.217689275741577,703
5323,-0.20244961977005005,703
5324,2.2624294757843018,703
5325,0.0031354413367807865,703
5326,-0.891739010810852,703
5327,-0.4945359230041504,703
5328,-4.855433940887451,703
5329,-4.899033069610596,703
5330,0.057691339403390884,703
5331,-2.1274168491363525,703
5332,-0.014835705980658531,703
5333,0.18234893679618835,703
5334,0.05747752636671066,703
5335,-0.14058265089988708,703
5336,-1.0887045860290527,703
5337,0.005018875002861023,703
5338,0.6304736137390137,703
5339,-2.4708774089813232,703
5340,0.055205147713422775,703
5341,-0.7334882616996765,703
5342,-0.6194543838500977,703
5343,0.489467591047287,703
5344,-0.4276317358016968,703
5345,-2.050908088684082,703
5346,3.3278963565826416,703
5347,-0.5236085057258606,703
5348,-0.301178902387619,703
5349,0.5202909708023071,703
5350,-2.627035617828369,703
5351,1.3536653518676758,703
5352,0.050812963396310806,703
5353,0.08842451125383377,703
5354,0.3053436577320099,703
5355,0.0756448432803154,703
5356,0.9970062375068665,703
5357,0.02749292552471161,703
5358,2.4344732761383057,703
5359,1.1135900020599365,703
5360,0.8000191450119019,703
5361,1.9249770641326904,703
5362,-0.029202908277511597,703
5363,-0.006216771900653839,703
5364,-2.9557583332061768,703
5365,1.476056456565857,703
5366,-2.430084466934204,703
5367,-0.8492289781570435,703
5368,-0.31435441970825195,703
5369,-0.8013226985931396,703
5370,-1.5947439670562744,703
5371,-0.008088219910860062,703
5372,0.44067156314849854,703
5373,-1.5728349685668945,703
5374,0.7425802946090698,703
5375,1.58634614944458,703
5376,0.29588913917541504,703
5377,-0.10190913081169128,703
5378,-0.5009854435920715,703
5379,-0.602382481098175,703
5380,0.10935811698436737,703
5381,0.8161081075668335,703
5382,3.3841402530670166,703
5383,-0.2772754728794098,703
5384,5.794842720031738,703
5385,0.4534132182598114,703
5386,0.7419446706771851,703
5387,3.410299301147461,703
5388,-0.07722201198339462,703
5389,-1.5555648803710938,703
5390,0.13243654370307922,703
5391,0.8078892827033997,703
5392,-1.551941156387329,703
5393,-1.3284226655960083,703
5394,0.11475151777267456,703
5395,0.31166762113571167,703
5396,0.5988627076148987,703
5397,-0.028392158448696136,703
5398,0.0915970429778099,703
5399,0.857154130935669,703
5400,0.12054287642240524,703
5401,0.15894901752471924,703
5402,-0.4849938154220581,703
5403,0.7434813976287842,703
5404,0.07403290271759033,703
5405,0.08032337576150894,703
5406,0.3645924925804138,703
5407,-0.6708348989486694,703
5408,0.2185160219669342,703
5409,1.7368664741516113,703
5410,-0.21310029923915863,703
5411,-0.026324480772018433,703
5412,0.3240624964237213,703
5413,0.06512990593910217,703
5414,0.2682964503765106,703
5415,-0.21496137976646423,703
5416,-0.713763952255249,703
5417,0.810748815536499,703
5418,-0.4472465217113495,703
5419,0.026240915060043335,703
5420,1.03104567527771,703
5421,-4.823236465454102,703
5422,0.0115586519241333,703
5423,1.160743236541748,703
5424,0.17714674770832062,703
5425,-2.2922778129577637,703
5426,3.494917869567871,703
5427,-1.2633311748504639,703
5428,-3.6431312561035156,703
5429,0.049408383667469025,703
5430,-0.05216418206691742,703
5431,0.046078409999608994,703
5432,0.028155097737908363,703
5433,0.03350107744336128,703
5434,-0.18898579478263855,703
5435,-1.5794785022735596,703
5436,1.1603093147277832,703
5437,-0.8163700699806213,703
5438,3.2150325775146484,703
5439,0.03513333201408386,703
5440,0.13544833660125732,703
5441,-1.7065167427062988,703
5442,3.220020055770874,703
5443,-0.07476277649402618,703
5444,0.36372554302215576,703
5445,1.7227617502212524,703
5446,-0.3821074366569519,703
5447,-0.3813486695289612,703
5448,0.4431535601615906,703
5449,0.07599245011806488,703
5450,-0.07515469193458557,703
5451,-4.079826354980469,703
5452,2.0628838539123535,703
5453,-0.629246175289154,703
5454,0.8439468741416931,703
5455,-2.546910524368286,703
5456,0.4797019362449646,703
5457,4.794501781463623,703
5458,0.29538074135780334,703
5459,-0.09260623157024384,703
5460,-0.012003885582089424,703
5461,0.014552667737007141,703
5462,-0.36234697699546814,703
5463,4.794590473175049,703
5464,2.1282601356506348,703
5465,-1.6960077285766602,703
5466,-0.6814631223678589,703
5467,0.347125768661499,703
5468,0.19578787684440613,703
5469,-4.500010967254639,703
5470,-1.1877468824386597,703
5471,-0.2888595759868622,703
5472,-1.213989019393921,703
5473,7.300075054168701,703
5474,-0.7502724528312683,703
5475,2.321572780609131,703
5476,0.26792192459106445,703
5477,1.667472004890442,703
5478,2.4767038822174072,703
5479,0.9204272031784058,703
5480,0.30602526664733887,703
5481,-1.6082186698913574,703
5482,0.059312231838703156,703
5483,1.513313889503479,703
5484,-0.08936088532209396,703
5485,0.5523785352706909,703
5486,-4.318348407745361,703
5487,0.05665756016969681,703
5488,0.20799601078033447,703
5489,-0.23817184567451477,703
5490,0.01913153938949108,703
5491,0.10638818144798279,703
5492,0.12138301879167557,703
5493,-0.2865709066390991,703
5494,0.7945761680603027,703
5495,2.356325626373291,703
5496,0.15827524662017822,703
5497,0.04124506190419197,703
5498,0.01896224543452263,703
5499,-2.1239607334136963,703
5500,-0.013122751377522945,703
5501,4.936023712158203,703
5502,0.37263044714927673,703
5503,0.09990937262773514,703
5504,-0.33576416969299316,703
5505,4.920049667358398,703
5506,0.33153122663497925,703
5507,0.08548997342586517,703
5508,-0.1546666920185089,703
5509,-0.5139009952545166,703
5510,0.003267214633524418,703
5511,-0.779394268989563,703
5512,0.10652060806751251,703
5513,0.518303632736206,703
5514,0.040965963155031204,703
5515,-0.25179147720336914,703
5516,-1.4070450067520142,703
5517,-0.007659688591957092,703
5518,0.17968007922172546,703
5519,0.31802964210510254,703
5520,1.6185505390167236,703
5521,-0.4860999286174774,703
5522,3.1018800735473633,703
5523,2.192992925643921,703
5524,0.03330683708190918,703
5525,-5.087591171264648,703
5526,-1.6176846027374268,703
5527,-1.6895840167999268,703
5528,-0.022802770137786865,703
5529,-1.9859285354614258,703
5530,0.11985601484775543,703
5531,0.950664222240448,703
5532,0.09046223014593124,703
5533,-0.803684413433075,703
5534,-1.6599807739257812,703
5535,-3.204835891723633,703
5536,-3.959176778793335,703
5537,-1.3557772636413574,703
5538,-4.793272972106934,703
5539,-0.136296808719635,703
5540,-0.6618974804878235,703
5541,0.10415619611740112,703
5542,-0.3808669149875641,703
5543,0.833057165145874,703
5544,1.3984469175338745,703
5545,1.2973241806030273,703
5546,-0.6141413450241089,703
5547,1.0424118041992188,703
5548,0.15997882187366486,703
5549,0.23934364318847656,703
5550,3.0943758487701416,703
5551,1.6693190336227417,703
5552,0.015220403671264648,703
5553,0.41847360134124756,703
5554,5.7083868980407715,703
5555,0.038235798478126526,703
5556,2.5585153102874756,703
5557,-0.4139581024646759,703
5558,-1.111313819885254,703
5559,0.7035809755325317,703
5560,0.41600894927978516,703
5561,0.6699727773666382,703
5562,0.029959630221128464,703
5563,-2.6837408542633057,703
5564,0.09504583477973938,703
5565,0.12123487889766693,703
5566,-0.13719721138477325,703
5567,3.793562889099121,703
5568,0.5401585698127747,703
5569,-0.269441694021225,703
5570,-1.8254623413085938,703
5571,-0.10808256268501282,703
5572,-0.9646449089050293,703
5573,-1.5092556476593018,703
5574,-0.8772256374359131,703
5575,4.433262348175049,703
5576,0.003934319131076336,703
5577,1.3397505283355713,703
5578,0.8992699384689331,703
5579,0.21333810687065125,703
5580,-0.23666414618492126,703
5581,0.39570900797843933,703
5582,1.7555062770843506,703
5583,5.3263983726501465,703
5584,0.16572867333889008,703
5585,0.3218957781791687,703
5586,0.07916059345006943,703
5587,-0.060682088136672974,703
5588,-1.928257703781128,703
5589,-2.2708334922790527,703
5590,0.9622146487236023,703
5591,0.10739145427942276,703
5592,0.02170807495713234,703
5593,-0.721339762210846,703
5594,6.967978477478027,703
5595,0.07414115220308304,703
5596,-0.36162033677101135,703
5597,3.4900479316711426,703
5598,0.15977109968662262,703
5599,-1.5425535440444946,703
5600,-0.05812329053878784,703
5601,2.1746034622192383,703
5602,0.020333558320999146,703
5603,-6.986061096191406,703
5604,-0.2827242314815521,703
5605,0.10407871752977371,703
5606,1.7294723987579346,703
5607,0.019890936091542244,703
5608,1.1628717184066772,703
5609,0.35616084933280945,703
5610,0.13081596791744232,703
5611,-0.41950085759162903,703
5612,0.08886103332042694,703
5613,2.1697750091552734,703
5614,-0.36474350094795227,703
5615,-3.067105293273926,703
5616,0.000700045726262033,703
5617,0.15911288559436798,703
5618,0.1177225410938263,703
5619,-0.06638500094413757,703
5620,-0.546210765838623,703
5621,1.3146944046020508,703
5622,2.9522347450256348,703
5623,-0.5173438191413879,703
5624,0.005588352680206299,703
5625,-0.10606518387794495,703
5626,2.1901042461395264,703
5627,1.7304744720458984,703
5628,0.5594666004180908,703
5629,-0.11106617748737335,703
5630,0.33356600999832153,703
5631,-0.37268316745758057,703
5632,-0.8808677196502686,703
5633,-0.360621839761734,703
5634,-0.012778788805007935,703
5635,2.6795456409454346,703
5636,-2.878697633743286,703
5637,0.664094865322113,703
5638,0.8472906947135925,703
5639,0.5732491612434387,703
5640,0.3059304356575012,703
5641,-0.2972099184989929,703
5642,-0.3292362093925476,703
5643,-0.34149283170700073,703
5644,-1.4648587703704834,703
5645,-0.019003145396709442,703
5646,-5.557462215423584,703
5647,-1.077938437461853,703
5648,1.5242215394973755,703
5649,-0.8046677112579346,703
5650,-0.3634459674358368,703
5651,0.2943311631679535,703
5652,-0.3129190504550934,703
5653,0.18139924108982086,703
5654,0.40744099020957947,703
5655,0.5824674963951111,703
5656,-1.3922467231750488,703
5657,-1.4064903259277344,703
5658,-0.9415836334228516,703
5659,0.5436743497848511,703
5660,1.0924675464630127,703
5661,-0.9476420283317566,703
5662,1.538420557975769,703
5663,-0.05067892372608185,703
5664,-0.015127971768379211,703
5665,-0.9357091784477234,703
5666,0.00594688206911087,703
5667,-2.3159847259521484,703
5668,-1.447729229927063,703
5669,-2.2667627334594727,703
5670,0.24935925006866455,703
5671,-0.3764384388923645,703
5672,2.9251325130462646,703
5673,-0.018036283552646637,703
5674,-0.7294657826423645,703
5675,-1.1877129077911377,703
5676,0.504928708076477,703
5677,-0.4242631196975708,703
5678,0.5187934041023254,703
5679,-0.21184879541397095,703
5680,0.18683063983917236,703
5681,-3.6871533393859863,703
5682,0.10569581389427185,703
5683,-1.5466018915176392,703
5684,0.2551898956298828,703
5685,0.3638966679573059,703
5686,-0.4720417261123657,703
5687,-2.00050950050354,703
5688,0.11841797083616257,703
5689,-4.2253336906433105,703
5690,-0.5073181390762329,703
5691,-0.0015576980076730251,703
5692,2.4175374507904053,703
5693,-0.4664331376552582,703
5694,-0.4741968512535095,703
5695,-1.4771814346313477,703
5696,-3.051023244857788,703
5697,0.198111891746521,703
5698,-0.15667226910591125,703
5699,-1.1920443773269653,703
5700,-0.7039800882339478,703
5701,-4.9780802726745605,703
5702,-0.9226993322372437,703
5703,-3.084970235824585,703
5704,-0.06259861588478088,703
5705,-0.5441124439239502,703
5706,0.830076277256012,703
5707,0.0036467695608735085,703
5708,0.17067879438400269,703
5709,0.02725505456328392,703
5710,0.011485551483929157,703
5711,-0.13120874762535095,703
5712,-0.558610737323761,703
5713,0.1788088083267212,703
5714,-2.0317766666412354,703
5715,0.3585180640220642,703
5716,4.819638252258301,703
5717,-0.17832282185554504,703
5718,0.03024190291762352,703
5719,1.2489371299743652,703
5720,-0.8909666538238525,703
5721,-0.3760150671005249,703
5722,0.006783805321902037,703
5723,-0.005417867098003626,703
5724,-0.25779229402542114,703
5725,-0.2588546872138977,703
5726,-0.2379210889339447,703
5727,0.02202131226658821,703
5728,0.37500423192977905,703
5729,-0.13269151747226715,703
5730,-0.44566309452056885,703
5731,-0.37277883291244507,703
5732,-2.126227855682373,703
5733,4.4604620933532715,703
5734,-5.035750389099121,703
5735,0.47224876284599304,703
5736,-0.2793162763118744,703
5737,-2.652155637741089,703
5738,0.15069536864757538,703
5739,3.47183895111084,703
5740,-1.7421005964279175,703
5741,0.8364505171775818,703
5742,0.7283546328544617,703
5743,0.08621339499950409,703
5744,-0.07337789237499237,703
5745,0.19487223029136658,703
5746,0.31188255548477173,703
5747,0.47157174348831177,703
5748,-1.2725005149841309,703
5749,0.28427639603614807,703
5750,2.0033297538757324,703
5751,2.2897074222564697,703
5752,0.17988871037960052,703
5753,0.2581711411476135,703
5754,0.17446720600128174,703
5755,-1.1199393272399902,703
5756,1.764420986175537,703
5757,0.23963810503482819,703
5758,-4.702513694763184,703
5759,0.22990892827510834,703
5760,0.32079654932022095,703
5761,0.09353674203157425,703
5762,-3.430342197418213,703
5763,-0.16794908046722412,703
5764,0.7971415519714355,703
5765,2.5505571365356445,703
5766,0.46507397294044495,703
5767,-4.310146331787109,703
5768,-0.6430453658103943,703
5769,3.480335235595703,703
5770,-0.8734993934631348,703
5771,0.8929309248924255,703
5772,0.47732076048851013,703
5773,0.2609640061855316,703
5774,1.8248300552368164,703
5775,-0.3133428692817688,703
5776,0.07949835062026978,703
5777,0.576501727104187,703
5778,0.20326721668243408,703
5779,0.5748175382614136,703
5780,0.5384275913238525,703
5781,0.22359806299209595,703
5782,0.4828168451786041,703
5783,1.164716124534607,703
5784,0.012639276683330536,703
5785,0.038839858025312424,703
5786,0.024925075471401215,703
5787,0.9162027835845947,703
5788,0.024013914167881012,703
5789,-0.8797929286956787,703
5790,1.7819678783416748,703
5791,0.32087889313697815,703
5792,-0.8911037445068359,703
5793,2.6361804008483887,703
5794,0.15902426838874817,703
5795,0.15288329124450684,703
5796,3.4287476539611816,703
5797,-1.9348938465118408,703
5798,1.6293978691101074,703
5799,2.9695076942443848,703
5800,0.9943417310714722,703
5801,0.1569892019033432,703
5802,3.807436466217041,703
5803,0.3470620810985565,703
5804,1.819516658782959,703
5805,0.6441076993942261,703
5806,-6.093369007110596,703
5807,0.08045144379138947,703
5808,-2.5070459842681885,703
5809,-1.6388877630233765,703
5810,0.25392043590545654,703
5811,-1.8259742259979248,703
5812,-0.0018383637070655823,703
5813,0.08011259138584137,703
5814,-0.49240660667419434,703
5815,1.2289329767227173,703
5816,0.6536309123039246,703
5817,-4.172578811645508,703
5818,0.008413385599851608,703
5819,-1.3786438703536987,703
5820,0.16252350807189941,703
5821,0.08487384021282196,703
5822,-0.9182760715484619,703
5823,-0.6559604406356812,703
5824,4.689938068389893,703
5825,-1.76764976978302,703
5826,0.20176967978477478,703
5827,2.8493916988372803,703
5828,0.2706127166748047,703
5829,0.048799462616443634,703
5830,-0.01919235661625862,703
5831,0.025682661682367325,703
5832,0.3316115438938141,703
5833,-0.14767944812774658,703
5834,-2.2777597904205322,703
5835,0.283118337392807,703
5836,-0.10714106261730194,703
5837,0.3834969103336334,703
5838,0.3846528232097626,703
5839,0.04713260754942894,703
5840,0.32308197021484375,703
5841,0.26033422350883484,703
5842,0.22307315468788147,703
5843,0.06973089277744293,703
5844,0.47511163353919983,703
5845,-0.30651986598968506,703
5846,1.3447905778884888,703
5847,-0.4484661817550659,703
5848,3.929011821746826,703
5849,0.5284597873687744,703
5850,0.009747721254825592,703
5851,-2.7835676670074463,703
5852,-0.7922975420951843,703
5853,2.269324541091919,703
5854,-1.7129257917404175,703
5855,0.09624543786048889,703
5856,0.2966364622116089,703
5857,-0.007992736995220184,703
5858,-0.22189727425575256,703
5859,3.0781595706939697,703
5860,-2.5973942279815674,703
5861,-0.22410935163497925,703
5862,0.09654530882835388,703
5863,0.6044935584068298,703
5864,1.8770711421966553,703
5865,1.5033061504364014,703
5866,-0.011882252991199493,703
5867,0.04633688926696777,703
5868,0.38430023193359375,703
5869,0.041822511702775955,703
5870,3.5417847633361816,703
5871,0.10506085306406021,703
5872,0.7292096614837646,703
5873,2.0760812759399414,703
5874,0.00978303886950016,703
5875,-0.08763495832681656,703
5876,-0.36551064252853394,703
5877,1.7976839542388916,703
5878,0.6582062244415283,703
5879,-0.02821025252342224,703
5880,-0.5499752759933472,703
5881,0.5431554317474365,703
5882,0.3062351942062378,703
5883,-0.7286127805709839,703
5884,0.8403245210647583,703
5885,0.017848357558250427,703
5886,0.39758461713790894,703
5887,3.263275623321533,703
5888,-1.7021726369857788,703
5889,-0.7848235964775085,703
5890,0.23762942850589752,703
5891,-5.594545364379883,703
5892,0.051759809255599976,703
5893,0.30832403898239136,703
5894,1.2615798711776733,703
5895,0.9523048400878906,703
5896,-1.3934613466262817,703
5897,0.1387585699558258,703
5898,-0.6818221807479858,703
5899,0.3177120089530945,703
5900,-0.1235719844698906,703
5901,0.23473206162452698,703
5902,1.3542613983154297,703
5903,0.21504642069339752,703
5904,0.3403032124042511,703
5905,-1.0192569494247437,703
5906,-0.44948816299438477,703
5907,0.37189432978630066,703
5908,0.33769530057907104,703
5909,0.3881445825099945,703
5910,-0.3210333287715912,703
5911,0.43567153811454773,703
5912,-2.199435234069824,703
5913,0.6066607236862183,703
5914,0.817720890045166,703
5915,0.06402835249900818,703
5916,0.03438920900225639,703
5917,-0.5213121175765991,703
5918,-0.19072191417217255,703
5919,-0.11681756377220154,703
5920,0.12394219636917114,703
5921,-0.8039554357528687,703
5922,-9.090632438659668,703
5923,-1.024007797241211,703
5924,-1.2360609769821167,703
5925,-1.7530235052108765,703
5926,0.0246562622487545,703
5927,-2.124601364135742,703
5928,1.3690415620803833,703
5929,0.058697447180747986,703
5930,-0.36255696415901184,703
5931,-1.9177393913269043,703
5932,-0.007701234892010689,703
5933,0.7254188656806946,703
5934,-0.08417533338069916,703
5935,0.15587681531906128,703
5936,0.1411321461200714,703
5937,0.40283647179603577,703
5938,3.5660626888275146,703
5939,0.02358902059495449,703
5940,0.7247014045715332,703
5941,0.7151964902877808,703
5942,-0.2581709623336792,703
5943,0.9140636324882507,703
5944,0.7287414073944092,703
5945,0.032954320311546326,703
5946,-0.3146381676197052,703
5947,0.5998063683509827,703
5948,0.35044771432876587,703
5949,-0.39365872740745544,703
5950,-1.0773407220840454,703
5951,0.2997785210609436,703
5952,0.37461918592453003,703
5953,-2.592613458633423,703
5954,0.06938770413398743,703
5955,1.03654944896698,703
5956,-2.0866355895996094,703
5957,-1.1637427806854248,703
5958,1.2968119382858276,703
5959,-0.05873735994100571,703
5960,-0.037586379796266556,703
5961,-0.7572866678237915,703
5962,0.06568925082683563,703
5963,-0.30015403032302856,703
5964,-0.09027888625860214,703
5965,0.002518219407647848,703
5966,0.3177284300327301,703
5967,-1.2871423959732056,703
5968,0.26669812202453613,703
5969,-0.0473637729883194,703
5970,-1.536859154701233,703
5971,0.335485577583313,703
5972,0.8046113848686218,703
5973,-0.05339262634515762,703
5974,0.6431387066841125,703
5975,-0.5243434309959412,703
5976,0.08442206680774689,703
5977,0.29811984300613403,703
5978,-0.06201735883951187,703
5979,0.009782396256923676,703
5980,0.014327960088849068,703
5981,-0.30900275707244873,703
5982,0.05554473400115967,703
5983,-5.775417804718018,703
5984,0.04663725197315216,703
5985,0.0368930920958519,703
5986,0.9341781139373779,703
5987,0.7378878593444824,703
5988,0.008934750221669674,703
5989,0.11913225054740906,703
5990,-0.09364854544401169,703
5991,2.408094882965088,703
5992,-0.42775237560272217,703
5993,0.9055083990097046,703
5994,3.2062883377075195,703
5995,0.0029914970509707928,703
5996,-0.3484036326408386,703
5997,0.006823450326919556,703
5998,2.206036329269409,703
5999,0.8471320867538452,703
6000,-0.2547546625137329,703
6001,-0.12126162648200989,703
6002,-0.5878349542617798,703
6003,-0.9927693605422974,703
6004,-1.6596120595932007,703
6005,-1.733559012413025,703
6006,0.031594179570674896,703
6007,0.1578480303287506,703
6008,-0.018492955714464188,703
6009,0.03637614846229553,703
6010,1.0592100620269775,703
6011,0.049208905547857285,703
6012,-5.483527183532715,703
6013,4.630137920379639,703
6014,0.32718217372894287,703
6015,-1.0542271137237549,703
6016,1.4447524547576904,703
6017,-0.1668412834405899,703
6018,0.07473382353782654,703
6019,1.1316077709197998,703
6020,0.01792721636593342,703
6021,0.4191204309463501,703
6022,0.07926970720291138,703
6023,-1.5759600400924683,703
6024,-1.812762975692749,703
6025,-0.06317611038684845,703
6026,2.4356207847595215,703
6027,-0.26389119029045105,703
6028,0.4577184319496155,703
6029,-0.2805224359035492,703
6030,7.053613662719727,703
6031,0.23923513293266296,703
6032,0.37618252635002136,703
6033,0.1410338282585144,703
6034,2.523373603820801,703
6035,-0.1392594575881958,703
6036,0.10054481774568558,703
6037,-0.2741231918334961,703
6038,0.3152957260608673,703
6039,-1.2157238721847534,703
6040,-3.0600950717926025,703
6041,-1.3458240032196045,703
6042,-0.1381518542766571,703
6043,1.7636306285858154,703
6044,0.05523841828107834,703
6045,-0.16639217734336853,703
6046,-0.034078728407621384,703
6047,-0.7822280526161194,703
6048,0.07931187748908997,703
6049,1.4076019525527954,703
6050,-0.551760196685791,703
6051,-1.3725707530975342,703
6052,-1.6868999004364014,703
6053,0.8240264654159546,703
6054,-0.05511298403143883,703
6055,-0.2951613664627075,703
6056,0.01689191907644272,703
6057,-0.011810258030891418,703
6058,-0.5879653096199036,703
6059,-1.258417010307312,703
6060,-0.7825207114219666,703
6061,0.7210512161254883,703
6062,-0.1445966511964798,703
6063,0.7783917188644409,703
6064,-0.7761772274971008,703
6065,-0.2901857793331146,703
6066,0.12789641320705414,703
6067,0.38864758610725403,703
6068,0.07943487167358398,703
6069,0.1510138213634491,703
6070,-1.3444145917892456,703
6071,0.21391518414020538,703
6072,-0.23245930671691895,703
6073,1.2823565006256104,703
6074,-1.6396609544754028,703
6075,-0.12808296084403992,703
6076,-1.9487600326538086,703
6077,1.849947452545166,703
6078,1.3405295610427856,703
6079,-4.455672264099121,703
6080,-1.2766958475112915,703
6081,0.015184581279754639,703
6082,0.08984173834323883,703
6083,-3.478346586227417,703
6084,0.09484859555959702,703
6085,-0.5595494508743286,703
6086,-0.22139620780944824,703
6087,-0.06440006196498871,703
6088,0.8633712530136108,703
6089,-0.32254520058631897,703
6090,-0.3040258288383484,703
6091,-0.06366483867168427,703
6092,-1.5523159503936768,703
6093,-0.6728258728981018,703
6094,1.5812671184539795,703
6095,0.03466007113456726,703
6096,0.9569754600524902,703
6097,-0.011805037036538124,703
6098,-0.9164386987686157,703
6099,-0.3592350482940674,703
6100,0.0469859316945076,703
6101,0.18406899273395538,703
6102,0.19926081597805023,703
6103,-0.17612451314926147,703
6104,-1.5809032917022705,703
6105,-0.8208585977554321,703
6106,-3.820495128631592,703
6107,-0.12646540999412537,703
6108,0.5542008876800537,703
6109,0.0016038045287132263,703
6110,-0.19197140634059906,703
6111,4.218806266784668,703
6112,4.136650085449219,703
6113,-0.04937877506017685,703
6114,-0.05406881868839264,703
6115,0.5051656365394592,703
6116,0.6010562181472778,703
6117,-0.04932350665330887,703
6118,1.0978784561157227,703
6119,-1.8550878763198853,703
6120,0.09856943786144257,703
6121,1.0360454320907593,703
6122,0.10750788450241089,703
6123,0.07905995845794678,703
6124,0.6906098127365112,703
6125,0.2758041024208069,703
6126,0.3989616334438324,703
6127,0.10980831831693649,703
6128,2.9048104286193848,703
6129,-0.26046398282051086,703
6130,1.6673173904418945,703
6131,1.4958598613739014,703
6132,0.21165962517261505,703
6133,-0.4407375454902649,703
6134,-1.2176977396011353,703
6135,-0.004280805587768555,703
6136,-0.005038022994995117,703
6137,-0.1725480705499649,703
6138,0.5033483505249023,703
6139,0.40976035594940186,703
6140,-0.04085885360836983,703
6141,0.2274867743253708,703
6142,0.7412446141242981,703
6143,0.14422203600406647,703
6144,2.989009141921997,703
6145,1.545393705368042,703
6146,0.2532161772251129,703
6147,0.031805895268917084,703
6148,0.32427316904067993,703
6149,0.9402345418930054,703
6150,-0.06176409870386124,703
6151,-0.6426319479942322,703
6152,0.7404444217681885,703
6153,0.7267706394195557,703
6154,-1.6072168350219727,703
6155,0.5697423815727234,703
6156,-0.20587122440338135,703
6157,-0.6329730153083801,703
6158,0.5427210330963135,703
6159,-0.07255664467811584,703
6160,-1.4341288805007935,703
6161,-2.0874881744384766,703
6162,-0.057668641209602356,703
6163,0.027180401608347893,703
6164,0.011606578715145588,703
6165,-0.6081395149230957,703
6166,-0.006076894700527191,703
6167,0.18515673279762268,703
6168,1.497262954711914,703
6169,-1.6250454187393188,703
6170,-0.41529959440231323,703
6171,-1.9772770404815674,703
6172,0.1682322472333908,703
6173,-1.3008567094802856,703
6174,0.12656104564666748,703
6175,-0.18392613530158997,703
6176,0.09849575161933899,703
6177,-0.3680906295776367,703
6178,0.3162829875946045,703
6179,-0.13208279013633728,703
6180,9.724717140197754,703
6181,0.12914536893367767,703
6182,0.19604390859603882,703
6183,0.15437017381191254,703
6184,-0.42992839217185974,703
6185,0.26192888617515564,703
6186,-3.9166784286499023,703
6187,0.16188719868659973,703
6188,-1.764532446861267,703
6189,1.6149117946624756,703
6190,0.7572606801986694,703
6191,-1.9054508209228516,703
6192,2.95575213432312,703
6193,2.566885232925415,703
6194,0.1636977642774582,703
6195,0.15019842982292175,703
6196,-0.01764930784702301,703
6197,1.024869441986084,703
6198,-0.6413102149963379,703
6199,0.5269709825515747,703
6200,0.7568153738975525,703
6201,-0.22190889716148376,703
6202,0.4291529655456543,703
6203,-0.16964858770370483,703
6204,-0.16750651597976685,703
6205,-5.782366752624512,703
6206,0.3597432076931,703
6207,0.6853033900260925,703
6208,0.9250941276550293,703
6209,0.04590561240911484,703
6210,-0.16317205131053925,703
6211,0.17554670572280884,703
6212,0.332653284072876,703
6213,-0.13126212358474731,703
6214,0.6852308511734009,703
6215,-0.10283166170120239,703
6216,-0.7548086643218994,703
6217,-1.2755601406097412,703
6218,0.27083492279052734,703
6219,-0.49311065673828125,703
6220,0.058933913707733154,703
6221,-0.39928221702575684,703
6222,0.004796955734491348,703
6223,0.06372015178203583,703
6224,-0.22419939935207367,703
6225,-0.751804530620575,703
6226,0.2587199807167053,703
6227,-0.050422586500644684,703
6228,-0.7361535429954529,703
6229,0.0010922582587227225,703
6230,0.02140781283378601,703
6231,-0.051059622317552567,703
6232,0.6233991980552673,703
6233,2.489734649658203,703
6234,-0.46179962158203125,703
6235,0.486601859331131,703
6236,0.29975831508636475,703
6237,-0.5289903879165649,703
6238,-1.3757758140563965,703
6239,-0.5736467242240906,703
6240,-1.6436225175857544,703
6241,-3.7841475009918213,703
6242,-0.13723687827587128,703
6243,-1.5364786386489868,703
6244,-0.7132397890090942,703
6245,-1.9896090030670166,703
6246,-0.13212764263153076,703
6247,-0.23276770114898682,703
6248,-0.048014089465141296,703
6249,0.1988295018672943,703
6250,0.7202339172363281,703
6251,0.01905779168009758,703
6252,2.4705119132995605,703
6253,-0.28705498576164246,703
6254,0.004886878654360771,703
6255,1.1132615804672241,703
6256,0.00683458149433136,703
6257,1.2300078868865967,703
6258,-3.298377513885498,703
6259,-0.3491990566253662,703
6260,0.321214884519577,703
6261,-0.7361860275268555,703
6262,0.8069415092468262,703
6263,-10.323161125183105,703
6264,-0.6379469633102417,703
6265,-0.6416901350021362,703
6266,-0.5399165153503418,703
6267,-0.007676020264625549,703
6268,7.221438884735107,703
6269,-0.31776225566864014,703
6270,1.3659992218017578,703
6271,0.07219240069389343,703
6272,-0.47532981634140015,703
6273,-4.054836750030518,703
6274,0.12829750776290894,703
6275,0.37783747911453247,703
6276,0.01338810846209526,703
6277,0.2119370698928833,703
6278,-2.500797748565674,703
6279,-0.035447269678115845,703
6280,1.571117877960205,703
6281,-1.2473984956741333,703
6282,1.628446102142334,703
6283,-0.36174276471138,703
6284,0.569778323173523,703
6285,0.35727658867836,703
6286,0.1814509779214859,703
6287,-0.7869155406951904,703
6288,0.2026807963848114,703
6289,-3.4091248512268066,703
6290,0.429325133562088,703
6291,-1.4674478769302368,703
6292,-0.8998838663101196,703
6293,0.7974805235862732,703
6294,-0.10532378405332565,703
6295,0.6957117915153503,703
6296,1.3153424263000488,703
6297,0.18163251876831055,703
6298,-0.04347622022032738,703
6299,-0.17290888726711273,703
6300,-0.29444125294685364,703
6301,-0.016884561628103256,703
6302,0.05152024328708649,703
6303,-3.9981164932250977,703
6304,-0.348076194524765,703
6305,-0.8000752925872803,703
6306,0.009481522254645824,703
6307,0.8429521322250366,703
6308,-0.5559449791908264,703
6309,0.387541264295578,703
6310,-0.9079213738441467,703
6311,1.647589087486267,703
6312,-0.013739533722400665,703
6313,0.2137342095375061,703
6314,0.006987512111663818,703
6315,0.052638281136751175,703
6316,0.2728373408317566,703
6317,-0.44110244512557983,703
6318,0.216996967792511,703
6319,0.2707183063030243,703
6320,0.48834875226020813,703
6321,-1.1293771266937256,703
6322,-1.9140121936798096,703
6323,-0.27161094546318054,703
6324,0.2388034164905548,703
6325,-0.5518929958343506,703
6326,0.2632398307323456,703
6327,-0.05145255848765373,703
6328,-1.502948522567749,703
6329,-0.1221168041229248,703
6330,-1.4335498809814453,703
6331,-1.8280971050262451,703
6332,-1.5062110424041748,703
6333,0.0969192385673523,703
6334,-0.7852567434310913,703
6335,1.1101129055023193,703
6336,0.6114747524261475,703
6337,-0.06808297336101532,703
6338,-0.06599647551774979,703
6339,-0.4575868248939514,703
6340,2.0436534881591797,703
6341,0.1983235478401184,703
6342,0.4735364317893982,703
6343,-0.26241469383239746,703
6344,3.4508745670318604,703
6345,0.24556313455104828,703
6346,0.5144063830375671,703
6347,1.215865135192871,703
6348,0.9440614581108093,703
6349,-0.39963454008102417,703
6350,-0.043192073702812195,703
6351,-1.3446687459945679,703
6352,-0.4750616252422333,703
6353,1.6813619136810303,703
6354,-0.3998986482620239,703
6355,-0.06209438666701317,703
6356,1.0136876106262207,703
6357,-0.66037517786026,703
6358,-4.421417713165283,703
6359,3.6211142539978027,703
6360,-0.03198415786027908,703
6361,-1.7287293672561646,703
6362,1.630930781364441,703
6363,-0.5625649094581604,703
6364,0.44547438621520996,703
6365,0.6182264089584351,703
6366,0.029403205960989,703
6367,0.025670837610960007,703
6368,4.004335403442383,703
6369,-0.29193800687789917,703
6370,-1.3860433101654053,703
6371,0.46023789048194885,703
6372,-6.273065567016602,703
6373,-2.0235235691070557,703
6374,-1.3981903791427612,703
6375,-2.428654432296753,703
6376,-2.8088760375976562,703
6377,0.41441166400909424,703
6378,0.5204136371612549,703
6379,-1.6990041732788086,703
6380,-0.894778847694397,703
6381,-0.0387439951300621,703
6382,3.4340133666992188,703
6383,-0.3717981278896332,703
6384,0.21134328842163086,703
6385,0.03679564222693443,703
6386,-0.05828974395990372,703
6387,-2.1274983882904053,703
6388,3.1175854206085205,703
6389,0.7599751353263855,703
6390,9.03227424621582,703
6391,-0.9171100854873657,703
6392,-2.106671094894409,703
6393,-0.7215239405632019,703
6394,-0.3342457711696625,703
6395,0.2823351323604584,703
6396,-0.02605895884335041,703
6397,0.021105842664837837,703
6398,0.056371599435806274,703
6399,0.07762086391448975,703
6400,5.550563812255859,703
6401,0.2608386278152466,703
6402,0.17127777636051178,703
6403,0.002502020448446274,703
6404,4.073208332061768,703
6405,3.0602614879608154,703
6406,-1.255234718322754,703
6407,0.025007614865899086,703
6408,-0.7671551704406738,703
6409,0.046196870505809784,703
6410,0.26473695039749146,703
6411,-0.08485996723175049,703
6412,-0.04261840879917145,703
6413,-0.02628142014145851,703
6414,0.8985125422477722,703
6415,-0.2295742779970169,703
6416,-0.17793338000774384,703
6417,0.7257415652275085,703
6418,0.05471380054950714,703
6419,0.052748434245586395,703
6420,3.1058554649353027,703
6421,-0.08201893419027328,703
6422,-6.005563735961914,703
6423,-0.08750873804092407,703
6424,0.13047468662261963,703
6425,1.3390406370162964,703
6426,0.7157021760940552,703
6427,0.19295580685138702,703
6428,1.0002987384796143,703
6429,0.006721561774611473,703
6430,0.27695906162261963,703
6431,0.15802699327468872,703
6432,-0.4777733385562897,703
6433,0.0030681523494422436,703
6434,1.0358134508132935,703
6435,-0.1566532999277115,703
6436,0.06610526889562607,703
6437,0.2980482578277588,703
6438,-0.4340604245662689,703
6439,-5.010379791259766,703
6440,0.7069223523139954,703
6441,4.630159854888916,703
6442,0.011855882592499256,703
6443,-2.969944477081299,703
6444,0.3809284269809723,703
6445,0.0805993527173996,703
6446,1.309998869895935,703
6447,0.5772151947021484,703
6448,0.6439746618270874,703
6449,-0.09808366745710373,703
6450,0.07724543660879135,703
6451,2.292973279953003,703
6452,1.127145528793335,703
6453,0.5244842767715454,703
6454,-0.768919825553894,703
6455,-0.22694556415081024,703
6456,0.016386080533266068,703
6457,0.057190440595149994,703
6458,0.17923380434513092,703
6459,0.7807973027229309,703
6460,1.0948141813278198,703
6461,0.058462440967559814,703
6462,0.3374796211719513,703
6463,0.21497571468353271,703
6464,-0.7586517930030823,703
6465,-2.7085988521575928,703
6466,1.0536712408065796,703
6467,0.26838234066963196,703
6468,-0.027275055646896362,703
6469,-0.046537160873413086,703
6470,0.10878631472587585,703
6471,-0.711071789264679,703
6472,5.800527572631836,703
6473,0.05637256056070328,703
6474,-0.40530839562416077,703
6475,-1.414867877960205,703
6476,0.29135751724243164,703
6477,-0.6567187309265137,703
6478,-6.102046966552734,703
6479,-1.7235774993896484,703
6480,4.468245983123779,703
6481,3.0418388843536377,703
6482,0.9254192113876343,703
6483,-0.1990838199853897,703
6484,1.737776517868042,703
6485,-0.021728340536355972,703
6486,-0.2175532877445221,703
6487,0.2827272415161133,703
6488,-1.583679437637329,703
6489,-2.2351367473602295,703
6490,-5.361045837402344,703
6491,0.648546576499939,703
6492,-0.23160028457641602,703
6493,0.41010093688964844,703
6494,0.05420690029859543,703
6495,-0.9043192863464355,703
6496,2.61543607711792,703
6497,0.16598451137542725,703
6498,0.216228649020195,703
6499,-0.869259238243103,703
6500,-0.7648612260818481,703
6501,1.4968262910842896,703
6502,-0.31024065613746643,703
6503,0.22063776850700378,703
6504,-0.3385136127471924,703
6505,-0.11272845417261124,703
6506,-3.9752981662750244,703
6507,-0.24533095955848694,703
6508,-0.11708822101354599,703
6509,-0.6887542605400085,703
6510,-0.7962368130683899,703
6511,-0.6731191277503967,703
6512,0.21955089271068573,703
6513,1.0512100458145142,703
6514,0.36304569244384766,703
6515,0.4178577661514282,703
6516,2.4294326305389404,703
6517,0.06333620101213455,703
6518,0.12150184065103531,703
6519,-3.2857730388641357,703
6520,0.6319323778152466,703
6521,-0.000950187910348177,703
6522,-1.6491408348083496,703
6523,-1.0653809309005737,703
6524,-1.3211545944213867,703
6525,-0.8687354922294617,703
6526,-0.19474488496780396,703
6527,0.32030779123306274,703
6528,0.014072328805923462,703
6529,-0.03393527865409851,703
6530,-6.001269340515137,703
6531,0.459134042263031,703
6532,6.456362247467041,703
6533,0.018484530970454216,703
6534,0.0035988977178931236,703
6535,-0.02553783357143402,703
6536,-0.1031702309846878,703
6537,0.27810829877853394,703
6538,0.16013017296791077,703
6539,-0.19080474972724915,703
6540,-5.89424991607666,703
6541,-0.7901672124862671,703
6542,0.2765994369983673,703
6543,-0.8566008806228638,703
6544,-1.2508885860443115,703
6545,-0.05478198826313019,703
6546,2.416433572769165,703
6547,-1.6761021614074707,703
6548,-0.6135147213935852,703
6549,-0.169996976852417,703
6550,0.02151528000831604,703
6551,0.11928491294384003,703
6552,-0.4289744198322296,703
6553,-0.6191034317016602,703
6554,0.1918599009513855,703
6555,-0.23377418518066406,703
6556,-0.17840436100959778,703
6557,0.04547091946005821,703
6558,-0.8141845464706421,703
6559,-0.09973350167274475,703
6560,1.6503691673278809,703
6561,0.41945046186447144,703
6562,-0.42861178517341614,703
6563,-3.1269264221191406,703
6564,-0.5001688003540039,703
6565,-0.11197400093078613,703
6566,0.7924747467041016,703
6567,-1.1449682712554932,703
6568,2.5839624404907227,703
6569,0.9682402014732361,703
6570,-0.3147937059402466,703
6571,0.7225220799446106,703
6572,0.08901946246623993,703
6573,-6.3853912353515625,703
6574,0.04939238727092743,703
6575,1.5300863981246948,703
6576,-0.5807976722717285,703
6577,0.055419910699129105,703
6578,3.2085914611816406,703
6579,4.122120380401611,703
6580,0.04139598459005356,703
6581,-0.3180009722709656,703
6582,0.1197357177734375,703
6583,-0.9863462448120117,703
6584,0.03168325871229172,703
6585,-0.7341420650482178,703
6586,-0.5109897255897522,703
6587,0.7801164984703064,703
6588,-1.8556721210479736,703
6589,0.3941587209701538,703
6590,-0.2146129012107849,703
6591,0.18904264271259308,703
6592,1.0039913654327393,703
6593,0.01927998848259449,703
6594,-0.3646579682826996,703
6595,2.2462124824523926,703
6596,0.843682587146759,703
6597,0.015718229115009308,703
6598,-1.1476624011993408,703
6599,0.032099999487400055,703
6600,2.7807135581970215,703
6601,-0.22224345803260803,703
6602,0.08469583839178085,703
6603,0.02244821935892105,703
6604,-0.3208353519439697,703
6605,0.19054368138313293,703
6606,0.05939008295536041,703
6607,-0.18888361752033234,703
6608,-1.695577621459961,703
6609,0.777845561504364,703
6610,-2.1207971572875977,703
6611,-0.026958025991916656,703
6612,-3.8012795448303223,703
6613,1.8897221088409424,703
6614,-2.733063220977783,703
6615,-1.2182025909423828,703
6616,0.21938374638557434,703
6617,0.04643595218658447,703
6618,0.07299312949180603,703
6619,-0.24388760328292847,703
6620,0.049435943365097046,703
6621,-0.20613397657871246,703
6622,-0.03231086581945419,703
6623,0.6088910698890686,703
6624,4.716159820556641,703
6625,0.030461851507425308,703
6626,-0.8640123605728149,703
6627,0.24782706797122955,703
6628,-1.3408284187316895,703
6629,0.053966984152793884,703
6630,-0.19356119632720947,703
6631,0.127609521150589,703
6632,1.336330771446228,703
6633,0.04616403579711914,703
6634,0.2614883482456207,703
6635,-1.0699057579040527,703
6636,-0.12743692100048065,703
6637,0.7859117984771729,703
6638,2.6689882278442383,703
6639,-5.808331489562988,703
6640,-0.02735293284058571,703
6641,-0.09487825632095337,703
6642,0.19801397621631622,703
6643,1.4225356578826904,703
6644,1.4262070655822754,703
6645,0.5005773901939392,703
6646,0.004421355202794075,703
6647,-0.34651944041252136,703
6648,-0.17195865511894226,703
6649,1.4638293981552124,703
6650,-1.8297154903411865,703
6651,-2.897639513015747,703
6652,0.7251361608505249,703
6653,0.1277230978012085,703
6654,-0.0725567638874054,703
6655,-1.3486757278442383,703
6656,0.5401109457015991,703
6657,-0.26151004433631897,703
6658,-0.13085618615150452,703
6659,-1.7460856437683105,703
6660,0.7848609089851379,703
6661,-0.29873019456863403,703
6662,-0.830929160118103,703
6663,0.05514301359653473,703
6664,-2.1100916862487793,703
6665,1.7903635501861572,703
6666,0.5521261692047119,703
6667,6.062696933746338,703
6668,-2.5547280311584473,703
6669,-0.6676891446113586,703
6670,0.39030933380126953,703
6671,-1.9693360328674316,703
6672,-0.03765364736318588,703
6673,1.3850841522216797,703
6674,1.5226235389709473,703
6675,0.15583518147468567,703
6676,-1.63815176486969,703
6677,0.6520841121673584,703
6678,-0.2545013427734375,703
6679,-0.8841135501861572,703
6680,1.4678776264190674,703
6681,-0.13214173913002014,703
6682,1.289233922958374,703
6683,0.2022327482700348,703
6684,-0.2147650569677353,703
6685,0.7476146221160889,703
6686,-1.0046610832214355,703
6687,0.10446779429912567,703
6688,-0.04244040697813034,703
6689,1.0645610094070435,703
6690,0.1441194862127304,703
6691,1.7178750038146973,703
6692,-0.49241068959236145,703
6693,0.014215974137187004,703
6694,1.3689206838607788,703
6695,0.048875194042921066,703
6696,0.7032525539398193,703
6697,0.422876238822937,703
6698,-0.3449237644672394,703
6699,-2.2276997566223145,703
6700,-2.1731956005096436,703
6701,0.07024674117565155,703
6702,0.058620885014534,703
6703,-0.3205370008945465,703
6704,-2.8929097652435303,703
6705,-3.642089605331421,703
6706,0.36837881803512573,703
6707,3.9790844917297363,703
6708,-0.8934690952301025,703
6709,0.7888359427452087,703
6710,1.3434685468673706,703
6711,5.954958915710449,703
6712,-0.44611799716949463,703
6713,0.03472675383090973,703
6714,0.15357884764671326,703
6715,0.2331523895263672,703
6716,0.06644240021705627,703
6717,-0.5758081674575806,703
6718,0.042192429304122925,703
6719,-1.0704162120819092,703
6720,0.9330933094024658,703
6721,3.933053493499756,703
6722,0.05119656026363373,703
6723,0.5989372134208679,703
6724,3.1310980319976807,703
6725,0.2771647870540619,703
6726,0.22507381439208984,703
6727,-0.1153608039021492,703
6728,-0.22618862986564636,703
6729,3.766456365585327,703
6730,-0.06585417687892914,703
6731,0.8760925531387329,703
6732,-0.41681256890296936,703
6733,-0.057933077216148376,703
6734,-0.680772066116333,703
6735,0.2608322203159332,703
6736,-0.44463109970092773,703
6737,0.3096347153186798,703
6738,2.1030445098876953,703
6739,0.012754513882100582,703
6740,-2.186340570449829,703
6741,-0.4427518844604492,703
6742,0.29460790753364563,703
6743,-0.7551591992378235,703
6744,-0.2930811941623688,703
6745,0.07217830419540405,703
6746,0.026510465890169144,703
6747,0.3170531392097473,703
6748,0.21331822872161865,703
6749,1.6682326793670654,703
6750,1.72886323928833,703
6751,0.07049478590488434,703
6752,-0.0291300006210804,703
6753,4.064602851867676,703
6754,1.1770347356796265,703
6755,-2.729341983795166,703
6756,-0.20823830366134644,703
6757,0.16048023104667664,703
6758,-0.17363834381103516,703
6759,0.2114206999540329,703
6760,0.2877093553543091,703
6761,0.5922617316246033,703
6762,0.19645404815673828,703
6763,0.893057107925415,703
6764,-0.3498040437698364,703
6765,-0.36223897337913513,703
6766,-1.391236662864685,703
6767,0.33701393008232117,703
6768,0.11491832137107849,703
6769,0.4872410297393799,703
6770,0.01259567029774189,703
6771,-0.2634376883506775,703
6772,2.5871803760528564,703
6773,0.1455463469028473,703
6774,1.6524959802627563,703
6775,0.013006210327148438,703
6776,0.18102103471755981,703
6777,-0.07841768860816956,703
6778,-0.9315752983093262,703
6779,0.024061227217316628,703
6780,-0.2435077577829361,703
6781,-0.21353521943092346,703
6782,-0.20370417833328247,703
6783,4.061148643493652,703
6784,-0.3819863796234131,703
6785,-0.18636812269687653,703
6786,-0.614753782749176,703
6787,0.6052950620651245,703
6788,-0.757034420967102,703
6789,0.0731281116604805,703
6790,0.7835265398025513,703
6791,0.04345034807920456,703
6792,1.6191312074661255,703
6793,-5.1538472175598145,703
6794,-0.045007236301898956,703
6795,0.10729663819074631,703
6796,-0.8063869476318359,703
6797,0.008391804061830044,703
6798,0.504964292049408,703
6799,-0.08305847644805908,703
6800,0.9334322214126587,703
6801,0.3664214611053467,703
6802,-3.710489273071289,703
6803,0.8221146464347839,703
6804,0.9319789409637451,703
6805,-0.7404775619506836,703
6806,1.104217767715454,703
6807,0.9118779897689819,703
6808,6.382236957550049,703
6809,3.2765886783599854,703
6810,-0.16071847081184387,703
6811,-1.4829957485198975,703
6812,0.18546217679977417,703
6813,0.44048869609832764,703
6814,0.7277800440788269,703
6815,-0.11329087615013123,703
6816,0.2677276134490967,703
6817,0.30352771282196045,703
6818,0.6847023963928223,703
6819,0.2615707814693451,703
6820,0.04181402921676636,703
6821,0.8909289836883545,703
6822,2.388164520263672,703
6823,5.299805641174316,703
6824,0.09166327863931656,703
6825,-0.26764118671417236,703
6826,0.08860757946968079,703
6827,0.03899221867322922,703
6828,0.0015379940159618855,703
6829,1.0600197315216064,703
6830,1.0825364589691162,703
6831,-0.6379092931747437,703
6832,-1.4856114387512207,703
6833,0.8689650297164917,703
6834,-1.8633626699447632,703
6835,-0.9172793030738831,703
6836,0.9050197601318359,703
6837,0.369745671749115,703
6838,1.7553174495697021,703
6839,-8.147550582885742,703
6840,-0.11897173523902893,703
6841,-2.36085844039917,703
6842,-0.12364470958709717,703
6843,-1.6164377927780151,703
6844,-0.8601553440093994,703
6845,-1.7484173774719238,703
6846,-0.7269625663757324,703
6847,-1.2043322324752808,703
6848,-1.3670262098312378,703
6849,-0.786726713180542,703
6850,-0.2449653148651123,703
6851,0.3771596848964691,703
6852,-0.07464112341403961,703
6853,0.5252684354782104,703
6854,-1.0235038995742798,703
6855,-0.8740546107292175,703
6856,-0.8412758708000183,703
6857,0.3197600543498993,703
6858,0.01488775759935379,703
6859,0.7461369037628174,703
6860,0.8504568338394165,703
6861,0.2019171267747879,703
6862,0.7869200706481934,703
6863,0.16723501682281494,703
6864,0.5256592631340027,703
6865,3.4903080463409424,703
6866,0.09450113773345947,703
6867,-0.11353188753128052,703
6868,-0.08065731823444366,703
6869,3.0415384769439697,703
6870,1.4233431816101074,703
6871,-1.7232259511947632,703
6872,0.44627636671066284,703
6873,2.4601006507873535,703
6874,-0.010261282324790955,703
6875,-3.6585848331451416,703
6876,0.4470576345920563,703
6877,0.08134248107671738,703
6878,1.522901177406311,703
6879,-0.0368594266474247,703
6880,2.381800651550293,703
6881,0.008725997991859913,703
6882,0.8753649592399597,703
6883,-0.9127594232559204,703
6884,-2.459667682647705,703
6885,1.988400936126709,703
6886,0.7191684246063232,703
6887,-6.340694427490234,703
6888,-1.6009395122528076,703
6889,-1.6205195188522339,703
6890,-2.0202040672302246,703
6891,-0.03902402147650719,703
6892,0.5758002996444702,703
6893,-3.451016902923584,703
6894,0.2720739245414734,703
6895,0.22372986376285553,703
6896,-0.438169926404953,703
6897,0.03252260386943817,703
6898,6.330834865570068,703
6899,0.3839132785797119,703
6900,0.7805103063583374,703
6901,0.4370707869529724,703
6902,-0.4718576967716217,703
6903,-0.0725647360086441,703
6904,0.6509655714035034,703
6905,-0.06571673601865768,703
6906,0.39235153794288635,703
6907,-1.7972838878631592,703
6908,-0.8642592430114746,703
6909,0.371442973613739,703
6910,7.29673957824707,703
6911,-1.2176934480667114,703
6912,-0.5691449642181396,703
6913,2.780433177947998,703
6914,-1.8285067081451416,703
6915,0.565170407295227,703
6916,0.21522240340709686,703
6917,-3.384249210357666,703
6918,0.709252119064331,703
6919,0.4703730046749115,703
6920,0.07841265946626663,703
6921,-0.3746979236602783,703
6922,0.16130635142326355,703
6923,0.4107344448566437,703
6924,0.05000191181898117,703
6925,-2.168686866760254,703
6926,1.520884394645691,703
6927,0.647258996963501,703
6928,-1.0989549160003662,703
6929,0.3322831392288208,703
6930,3.005931854248047,703
6931,0.5359597206115723,703
6932,0.6602160930633545,703
6933,0.6217105984687805,703
6934,0.20821620523929596,703
6935,-0.711780309677124,703
6936,-0.16745901107788086,703
6937,0.08269576728343964,703
6938,-0.2575374245643616,703
6939,-0.4166451692581177,703
6940,-0.10006630420684814,703
6941,-0.2670104503631592,703
6942,-6.856986999511719,703
6943,-2.7143783569335938,703
6944,0.38004109263420105,703
6945,-2.560363531112671,703
6946,-0.7161310911178589,703
6947,-1.6233761310577393,703
6948,0.054813235998153687,703
6949,3.2708311080932617,703
6950,0.3520008325576782,703
6951,0.07978205382823944,703
6952,0.2360447347164154,703
6953,3.5239763259887695,703
6954,-0.1726030707359314,703
6955,0.3486779034137726,703
6956,-0.6620880961418152,703
6957,-0.02425093576312065,703
6958,0.14719891548156738,703
6959,0.35904866456985474,703
6960,3.990835189819336,703
6961,0.2287748157978058,703
6962,-5.269157409667969,703
6963,-0.008463121950626373,703
6964,-5.530638217926025,703
6965,-0.76216721534729,703
6966,-0.14430344104766846,703
6967,-0.2764572501182556,703
6968,0.24274596571922302,703
6969,-0.4002637267112732,703
6970,1.0263705253601074,703
6971,0.35632795095443726,703
6972,-0.00418457668274641,703
6973,0.5307974815368652,703
6974,0.5997821092605591,703
6975,-2.9743106365203857,703
6976,2.104236125946045,703
6977,0.29533588886260986,703
6978,3.8858847618103027,703
6979,1.269359827041626,703
6980,0.032263919711112976,703
6981,0.08964724838733673,703
6982,-0.1265101283788681,703
6983,3.2512571811676025,703
6984,0.08004917204380035,703
6985,0.1970137059688568,703
6986,0.22162777185440063,703
6987,-2.289250373840332,703
6988,-1.541274905204773,703
6989,0.17464666068553925,703
6990,0.16349343955516815,703
6991,0.2397603690624237,703
6992,0.2045203447341919,703
6993,-0.2679961025714874,703
6994,1.18447744846344,703
6995,0.8470304012298584,703
6996,0.6873279809951782,703
6997,-0.01237715594470501,703
6998,-0.38850629329681396,703
6999,0.08748245239257812,703
7000,0.3213825225830078,703
7001,-0.7389150857925415,703
7002,-0.05574581027030945,703
7003,1.0377886295318604,703
7004,0.750295877456665,703
7005,-0.08149323612451553,703
7006,-2.0409815311431885,703
7007,0.09549705684185028,703
7008,-0.11503010988235474,703
7009,7.237963676452637,703
7010,0.5549024343490601,703
7011,-0.04678406938910484,703
7012,-0.07751846313476562,703
7013,-0.055584222078323364,703
7014,0.6319957971572876,703
7015,-0.7128608226776123,703
7016,0.9433820843696594,703
7017,-0.0012347567826509476,703
7018,0.7991664409637451,703
7019,0.15682893991470337,703
7020,0.43768492341041565,703
7021,-0.23887331783771515,703
7022,-0.4660665988922119,703
7023,-0.4496949315071106,703
7024,-0.3036141097545624,703
7025,-0.03204013407230377,703
7026,0.030795875936746597,703
7027,-0.5811614394187927,703
7028,0.3042283356189728,703
7029,-0.012248275801539421,703
7030,1.8806352615356445,703
7031,-1.6650161743164062,703
7032,0.07773822546005249,703
7033,0.10919025540351868,703
7034,-0.29712334275245667,703
7035,-0.5947407484054565,703
7036,0.12743663787841797,703
7037,-1.1210310459136963,703
7038,-0.7425840497016907,703
7039,0.010305805131793022,703
7040,-2.909475088119507,703
7041,-1.1078723669052124,703
7042,-0.5445083379745483,703
7043,-0.08637295663356781,703
7044,0.16361604630947113,703
7045,-1.374153971672058,703
7046,-0.02103462815284729,703
7047,-0.8870372176170349,703
7048,0.08052166551351547,703
7049,0.19047357141971588,703
7050,-0.126695916056633,703
7051,0.7141026854515076,703
7052,0.8991703987121582,703
7053,1.2749733924865723,703
7054,2.224240303039551,703
7055,-0.5059217214584351,703
7056,-2.5311062335968018,703
7057,0.027572516351938248,703
7058,-0.013468042016029358,703
7059,0.14672452211380005,703
7060,-0.31727850437164307,703
7061,-0.9866906404495239,703
7062,-0.35165250301361084,703
7063,-0.26068925857543945,703
7064,-0.4998522400856018,703
7065,0.154383584856987,703
7066,1.1210474967956543,703
7067,-1.1348799467086792,703
7068,-0.027944490313529968,703
7069,0.15985405445098877,703
7070,0.45210152864456177,703
7071,-0.06874656677246094,703
7072,1.6001815795898438,703
7073,-1.4631234407424927,703
7074,-1.610621452331543,703
7075,2.6911873817443848,703
7076,-4.052083969116211,703
7077,-0.8818089365959167,703
7078,0.07749858498573303,703
7079,-2.2185940742492676,703
7080,0.4656585454940796,703
7081,-0.8820711374282837,703
7082,1.3073039054870605,703
7083,0.004849515855312347,703
7084,-0.22821815311908722,703
7085,-0.11952861398458481,703
7086,0.1589188128709793,703
7087,0.3234955668449402,703
7088,0.08846453577280045,703
7089,0.8394472599029541,703
7090,-0.33015650510787964,703
7091,-0.04748253524303436,703
7092,0.42174920439720154,703
7093,0.3012350797653198,703
7094,-0.14402785897254944,703
7095,-0.2598937749862671,703
7096,0.44830232858657837,703
7097,-0.1563514769077301,703
7098,-0.05719653517007828,703
7099,0.454048216342926,703
7100,-0.4366645812988281,703
7101,-0.1252904236316681,703
7102,0.7849000692367554,703
7103,-0.018392939120531082,703
7104,-1.828322172164917,703
7105,-3.9751172065734863,703
7106,-0.1528928428888321,703
7107,-0.6752963662147522,703
7108,0.2739628553390503,703
7109,-0.3067843019962311,703
7110,2.923764944076538,703
7111,-0.2602440118789673,703
7112,0.16148623824119568,703
7113,-0.7406103014945984,703
7114,-2.0395760536193848,703
7115,0.6389750242233276,703
7116,0.19125711917877197,703
7117,0.06259989738464355,703
7118,-0.3688388466835022,703
7119,0.9368507862091064,703
7120,1.1114325523376465,703
7121,2.980262041091919,703
7122,0.5036491751670837,703
7123,0.05175039917230606,703
7124,0.08111783862113953,703
7125,1.9199336767196655,703
7126,0.049878112971782684,703
7127,-11.080610275268555,703
7128,-0.6231861114501953,703
7129,3.5847175121307373,703
7130,-0.6807345151901245,703
7131,1.5320806503295898,703
7132,-0.6410670280456543,703
7133,-4.277744770050049,703
7134,-3.540480375289917,703
7135,-0.3278767168521881,703
7136,-4.539707660675049,703
7137,0.25689125061035156,703
7138,-1.6111631393432617,703
7139,0.004103175830096006,703
7140,2.496173143386841,703
7141,0.5076332092285156,703
7142,0.112751804292202,703
7143,-0.011456049978733063,703
7144,-3.6636316776275635,703
7145,-0.04898299276828766,703
7146,-0.47031480073928833,703
7147,0.00037359140696935356,703
7148,-2.867802143096924,703
7149,-0.7603851556777954,703
7150,-2.5513601303100586,703
7151,0.530586838722229,703
7152,1.4602789878845215,703
7153,0.8208411931991577,703
7154,-0.08429832011461258,703
7155,-1.5445287227630615,703
7156,-0.34174931049346924,703
7157,-0.414432168006897,703
7158,5.005626201629639,703
7159,-0.2665356397628784,703
7160,-0.14820550382137299,703
7161,-1.1849716901779175,703
7162,-0.2628081738948822,703
7163,-0.04645301029086113,703
7164,0.43760818243026733,703
7165,0.2697873115539551,703
7166,-0.04404012858867645,703
7167,0.009885718114674091,703
7168,0.0014640763401985168,703
7169,0.03410071134567261,703
7170,-4.916158199310303,703
7171,0.9516662359237671,703
7172,-0.061459511518478394,703
7173,-0.08990487456321716,703
7174,0.2337169349193573,703
7175,-0.15361285209655762,703
7176,-1.0392671823501587,703
7177,0.2661963701248169,703
7178,-0.5882679224014282,703
7179,0.08932860195636749,703
7180,6.217990875244141,703
7181,0.6372495293617249,703
7182,-0.9879419803619385,703
7183,0.08070457726716995,703
7184,-0.1713300347328186,703
7185,1.3115417957305908,703
7186,-0.958073079586029,703
7187,0.12253288924694061,703
7188,1.5568879842758179,703
7189,-3.146827220916748,703
7190,0.20710965991020203,703
7191,-1.7912781238555908,703
7192,0.15030957758426666,703
7193,-0.31588587164878845,703
7194,-0.010871537029743195,703
7195,-0.16276156902313232,703
7196,-0.16975823044776917,703
7197,-0.36187976598739624,703
7198,0.1873025894165039,703
7199,-3.0080068111419678,703
7200,3.19818115234375,703
7201,-0.22061020135879517,703
7202,0.04294291138648987,703
7203,2.6552281379699707,703
7204,-1.762683629989624,703
7205,0.014255175366997719,703
7206,0.09622429311275482,703
7207,0.15307685732841492,703
7208,-1.2955230474472046,703
7209,0.07890942692756653,703
7210,0.012175381183624268,703
7211,0.026727892458438873,703
7212,0.10182027518749237,703
7213,1.228064775466919,703
7214,0.35352617502212524,703
7215,1.1384897232055664,703
7216,0.3407898247241974,703
7217,0.10045808553695679,703
7218,0.11300953477621078,703
7219,0.050745636224746704,703
7220,-0.07716783881187439,703
7221,-0.3747349977493286,703
7222,-0.39796802401542664,703
7223,-0.08422758430242538,703
7224,-0.6674883365631104,703
7225,-0.6225734353065491,703
7226,-0.1891627311706543,703
7227,0.35322844982147217,703
7228,-1.6732584238052368,703
7229,0.14515544474124908,703
7230,-0.8077292442321777,703
7231,-0.02862340211868286,703
7232,-0.11380022764205933,703
7233,0.003464583307504654,703
7234,-0.15840888023376465,703
7235,-0.4475252330303192,703
7236,-2.940948486328125,703
7237,-1.164635181427002,703
7238,-1.3387454748153687,703
7239,-0.24618686735630035,703
7240,-0.18215009570121765,703
7241,0.12642091512680054,703
7242,-2.691835403442383,703
7243,-0.6681150794029236,703
7244,1.7420002222061157,703
7245,1.9743919372558594,703
7246,-1.8383344411849976,703
7247,-1.1606853008270264,703
7248,0.9965789318084717,703
7249,0.13014739751815796,703
7250,-3.1474058628082275,703
7251,0.7161270976066589,703
7252,-0.4959459900856018,703
7253,0.8589159250259399,703
7254,0.006492472253739834,703
7255,0.3452089726924896,703
7256,0.9662025570869446,703
7257,-0.12214542925357819,703
7258,0.05811575800180435,703
7259,-3.281179428100586,703
7260,-0.3420936167240143,703
7261,-2.5485424995422363,703
7262,0.6771267056465149,703
7263,0.511457622051239,703
7264,0.16923987865447998,703
7265,0.8048180341720581,703
7266,-1.3070733547210693,703
7267,0.06721195578575134,703
7268,2.6984078884124756,703
7269,0.03891828656196594,703
7270,0.00018967498908750713,703
7271,2.426769733428955,703
7272,3.0546863079071045,703
7273,3.9144670963287354,703
7274,-12.216797828674316,703
7275,0.4116876721382141,703
7276,2.9916915893554688,703
7277,0.3991420865058899,703
7278,-1.587833046913147,703
7279,0.14690566062927246,703
7280,8.685523986816406,703
7281,0.5857315063476562,703
7282,0.7625584006309509,703
7283,0.12731821835041046,703
7284,-0.805550754070282,703
7285,0.6143811941146851,703
7286,6.059374809265137,703
7287,-2.2355923652648926,703
7288,0.006725218612700701,703
7289,-1.7819520235061646,703
7290,-2.011492967605591,703
7291,0.5937994718551636,703
7292,0.09991047531366348,703
7293,-1.5248970985412598,703
7294,2.6126341819763184,703
7295,-0.3029528260231018,703
7296,0.42144107818603516,703
7297,-0.9272541999816895,703
7298,1.0071438550949097,703
7299,0.3327617049217224,703
7300,0.16412973403930664,703
7301,0.18258881568908691,703
7302,0.050284095108509064,703
7303,2.181643009185791,703
7304,-0.7598831653594971,703
7305,-0.7221928834915161,703
7306,-0.1982480138540268,703
7307,0.015061348676681519,703
7308,-0.316292405128479,703
7309,2.061187505722046,703
7310,-0.3926745057106018,703
7311,1.4055966138839722,703
7312,-0.004419539123773575,703
7313,-1.012136697769165,703
7314,0.08598880469799042,703
7315,-0.23966196179389954,703
7316,-2.0707616806030273,703
7317,0.8886635899543762,703
7318,-0.20551420748233795,703
7319,-1.1797586679458618,703
7320,-0.32360386848449707,703
7321,-0.0330183207988739,703
7322,-0.20565059781074524,703
7323,-0.894529402256012,703
7324,2.2754127979278564,703
7325,5.874250888824463,703
7326,-4.463902950286865,703
7327,-4.37703800201416,703
7328,0.06339286267757416,703
7329,0.2320866882801056,703
7330,-0.4817274212837219,703
7331,-1.2431424856185913,703
7332,0.07135065644979477,703
7333,0.1473127007484436,703
7334,1.7806427478790283,703
7335,0.07075866311788559,703
7336,0.27602434158325195,703
7337,0.18494735658168793,703
7338,-0.302275151014328,703
7339,-3.554987907409668,703
7340,-2.5323071479797363,703
7341,0.0052755712531507015,703
7342,0.08615589141845703,703
7343,-0.19671151041984558,703
7344,-2.9114885330200195,703
7345,-0.8902326822280884,703
7346,-0.13267779350280762,703
7347,-0.1441730558872223,703
7348,-0.41467803716659546,703
7349,-0.13836200535297394,703
7350,-0.7313542366027832,703
7351,-0.2725714147090912,703
7352,-0.35083040595054626,703
7353,-0.15743517875671387,703
7354,-1.4250216484069824,703
7355,0.13012677431106567,703
7356,-2.478360891342163,703
7357,0.35783231258392334,703
7358,0.4431648552417755,703
7359,0.5429463982582092,703
7360,-0.09249741584062576,703
7361,0.5948398113250732,703
7362,0.027043795213103294,703
7363,0.9604932069778442,703
7364,0.08447377383708954,703
7365,0.15063104033470154,703
7366,0.17854690551757812,703
7367,-0.014888247475028038,703
7368,-1.7636404037475586,703
7369,0.7168471813201904,703
7370,0.03052983619272709,703
7371,0.0472082644701004,703
7372,-0.9309042692184448,703
7373,-2.2837605476379395,703
7374,-0.16302655637264252,703
7375,-0.07486703991889954,703
7376,-0.09580540657043457,703
7377,-0.6653753519058228,703
7378,-0.3260195851325989,703
7379,0.10078524798154831,703
7380,0.032295189797878265,703
7381,-1.8867422342300415,703
7382,0.8003867268562317,703
7383,-0.2953396439552307,703
7384,1.0501233339309692,703
7385,0.38733601570129395,703
7386,0.4214560389518738,703
7387,0.5252455472946167,703
7388,0.26278433203697205,703
7389,-1.6955713033676147,703
7390,0.7789928317070007,703
7391,0.08168193697929382,703
7392,2.362834930419922,703
7393,0.12266936898231506,703
7394,-0.41228559613227844,703
7395,0.029635392129421234,703
7396,0.010036449879407883,703
7397,0.4831114113330841,703
7398,0.15402178466320038,703
7399,-0.1718512326478958,703
7400,0.07989273220300674,703
7401,-1.7242549657821655,703
7402,0.6176912784576416,703
7403,0.016434550285339355,703
7404,-0.8777686953544617,703
7405,-0.6266258955001831,703
7406,0.07294850796461105,703
7407,0.05350552499294281,703
7408,-0.4980451166629791,703
7409,-1.0004327297210693,703
7410,1.3475607633590698,703
7411,0.20678085088729858,703
7412,-1.035762071609497,703
7413,-4.237844467163086,703
7414,0.7656587362289429,703
7415,0.4824202358722687,703
7416,-5.19902229309082,703
7417,-0.09550373256206512,703
7418,2.0476255416870117,703
7419,0.5833994746208191,703
7420,0.6812388896942139,703
7421,-1.3514432907104492,703
7422,1.6020840406417847,703
7423,-0.1352437287569046,703
7424,0.030983811244368553,703
7425,-5.152188777923584,703
7426,-0.427698016166687,703
7427,-0.07473915815353394,703
7428,2.11820125579834,703
7429,0.31487882137298584,703
7430,0.37081629037857056,703
7431,-0.1631843000650406,703
7432,-0.349533349275589,703
7433,6.916011333465576,703
7434,5.316941738128662,703
7435,0.17886048555374146,703
7436,0.1104801744222641,703
7437,0.12316086888313293,703
7438,-0.010704219341278076,703
7439,-0.026192262768745422,703
7440,0.08220311999320984,703
7441,0.05761270225048065,703
7442,-2.1630983352661133,703
7443,-1.251673936843872,703
7444,4.80576229095459,703
7445,-0.2593599557876587,703
7446,-2.0430004596710205,703
7447,0.048476871103048325,703
7448,6.691123008728027,703
7449,0.0994570404291153,703
7450,-0.4350445866584778,703
7451,0.0377659797668457,703
7452,-0.6341952085494995,703
7453,1.6998370885849,703
7454,1.7015033960342407,703
7455,-0.020341545343399048,703
7456,-0.29843324422836304,703
7457,-3.20587158203125,703
7458,-1.2465465068817139,703
7459,0.0942777544260025,703
7460,-1.7551367282867432,703
7461,0.08090649545192719,703
7462,-0.6985294818878174,703
7463,-0.15517926216125488,703
7464,2.8802406787872314,703
7465,-0.47766241431236267,703
7466,1.283352255821228,703
7467,-0.20827507972717285,703
7468,-0.20646624267101288,703
7469,0.47566652297973633,703
7470,-1.9258285760879517,703
7471,-0.2718599736690521,703
7472,0.20265159010887146,703
7473,0.8413118124008179,703
7474,-1.7666504383087158,703
7475,0.3927941918373108,703
7476,2.339829921722412,703
7477,-2.303363561630249,703
7478,-0.12060388922691345,703
7479,1.824177622795105,703
7480,-0.5547106266021729,703
7481,-0.055173568427562714,703
7482,-2.4805798530578613,703
7483,-1.0934752225875854,703
7484,-0.3415651023387909,703
7485,1.8059571981430054,703
7486,0.00299135223031044,703
7487,0.14970509707927704,703
7488,0.1463962197303772,703
7489,0.060577720403671265,703
7490,-2.3543944358825684,703
7491,-3.116426944732666,703
7492,-2.0043938159942627,703
7493,-0.3859943151473999,703
7494,0.6759928464889526,703
7495,-0.80555260181427,703
7496,0.1225549653172493,703
7497,2.6359481811523438,703
7498,0.030022531747817993,703
7499,-0.24333037436008453,703
7500,-1.4881081581115723,703
7501,-0.2824241816997528,703
7502,-0.525844395160675,703
7503,-0.8952387571334839,703
7504,-0.0910743772983551,703
7505,0.6960660219192505,703
7506,3.405795097351074,703
7507,0.037855979055166245,703
7508,-0.9617231488227844,703
7509,-1.060302972793579,703
7510,0.9611415863037109,703
7511,-1.0033721923828125,703
7512,-2.026616096496582,703
7513,-0.3999122977256775,703
7514,-0.61441570520401,703
7515,0.16247303783893585,703
7516,0.12347860634326935,703
7517,-0.0801023617386818,703
7518,-1.4209070205688477,703
7519,-0.11859002709388733,703
7520,0.0830947756767273,703
7521,0.6767920851707458,703
7522,0.3649734556674957,703
7523,0.007228344678878784,703
7524,-0.3341738283634186,703
7525,-0.2864431142807007,703
7526,0.628020703792572,703
7527,-0.7097958922386169,703
7528,-0.45795169472694397,703
7529,0.30423054099082947,703
7530,-0.3499692678451538,703
7531,4.4020843505859375,703
7532,-0.16125428676605225,703
7533,8.130693435668945,703
7534,0.028416909277439117,703
7535,2.1771366596221924,703
7536,-0.3171200156211853,703
7537,-0.5841997265815735,703
7538,-0.36691635847091675,703
7539,-1.8164691925048828,703
7540,0.03609374165534973,703
7541,-0.6196569800376892,703
7542,-0.5148657560348511,703
7543,0.11301092803478241,703
7544,-0.13535067439079285,703
7545,0.04493486508727074,703
7546,-0.7024261355400085,703
7547,0.48156362771987915,703
7548,-0.3242335021495819,703
7549,0.3484615981578827,703
7550,0.0212809219956398,703
7551,-1.5810147523880005,703
7552,-1.0884990692138672,703
7553,1.4284143447875977,703
7554,0.19843554496765137,703
7555,0.4071981608867645,703
7556,-0.6129631996154785,703
7557,0.7431337833404541,703
7558,0.7866144180297852,703
7559,-0.884974479675293,703
7560,-0.18290798366069794,703
7561,-0.07502853125333786,703
7562,-0.1635572761297226,703
7563,0.026427021250128746,703
7564,-0.761150062084198,703
7565,-1.7663230895996094,703
7566,-0.3330078125,703
7567,0.210900217294693,703
7568,-0.14823879301548004,703
7569,0.4614090621471405,703
7570,-0.12033064663410187,703
7571,-0.9586590528488159,703
7572,1.5714693069458008,703
7573,2.0298962593078613,703
7574,-0.02456149458885193,703
7575,-6.971665382385254,703
7576,0.024280553683638573,703
7577,-0.16270574927330017,703
7578,-0.15662437677383423,703
7579,0.016033755615353584,703
7580,-0.49793368577957153,703
7581,-1.4714785814285278,703
7582,0.4285278916358948,703
7583,1.4550340175628662,703
7584,-1.0283489227294922,703
7585,1.0064647197723389,703
7586,1.2926191091537476,703
7587,-0.0667765736579895,703
7588,-0.43983036279678345,703
7589,-2.25164794921875,703
7590,-4.0708818435668945,703
7591,-0.9582319259643555,703
7592,0.10132914781570435,703
7593,-1.0382907390594482,703
7594,-0.21426716446876526,703
7595,-0.07861478626728058,703
7596,0.3039891719818115,703
7597,1.890161156654358,703
7598,0.014353199861943722,703
7599,0.589367687702179,703
7600,-0.06377263367176056,703
7601,0.2761012315750122,703
7602,0.3595282733440399,703
7603,1.5693366527557373,703
7604,-0.10230966657400131,703
7605,3.889439582824707,703
7606,2.7341160774230957,703
7607,-0.8869814872741699,703
7608,0.0491863414645195,703
7609,0.20092639327049255,703
7610,0.024242930114269257,703
7611,-0.19403059780597687,703
7612,-0.46767711639404297,703
7613,0.051680758595466614,703
7614,0.5908180475234985,703
7615,0.8725647926330566,703
7616,0.17157813906669617,703
7617,-0.20962105691432953,703
7618,1.1283137798309326,703
7619,-1.2991119623184204,703
7620,0.13860973715782166,703
7621,-2.1615149974823,703
7622,1.4375296831130981,703
7623,-0.052262380719184875,703
7624,-1.802797794342041,703
7625,0.24777033925056458,703
7626,-5.037084579467773,703
7627,0.014868319034576416,703
7628,0.2642271816730499,703
7629,0.2760502099990845,703
7630,-7.205349922180176,703
7631,0.2158581167459488,703
7632,-0.07187777757644653,703
7633,-0.5683259963989258,703
7634,0.5700469613075256,703
7635,-0.045019716024398804,703
7636,-0.1143433004617691,703
7637,0.31599926948547363,703
7638,-1.4086731672286987,703
7639,0.17562749981880188,703
7640,1.5030157566070557,703
7641,0.13056930899620056,703
7642,-0.12483374774456024,703
7643,-0.20297439396381378,703
7644,0.16096791625022888,703
7645,-0.323625385761261,703
7646,-0.14116370677947998,703
7647,-0.8546832799911499,703
7648,0.011318186298012733,703
7649,0.21466782689094543,703
7650,0.3761275112628937,703
7651,2.100766181945801,703
7652,0.2534371316432953,703
7653,0.14899933338165283,703
7654,0.11918117105960846,703
7655,0.057401206344366074,703
7656,-0.875623881816864,703
7657,-0.20838512480258942,703
7658,-1.4587366580963135,703
7659,-3.768937349319458,703
7660,1.5811474323272705,703
7661,1.2346054315567017,703
7662,-0.4801174998283386,703
7663,0.7725355625152588,703
7664,0.8228809833526611,703
7665,0.20083072781562805,703
7666,-1.0019906759262085,703
7667,-0.296952486038208,703
7668,-0.37959951162338257,703
7669,-0.19425064325332642,703
7670,-2.0750694274902344,703
7671,0.029291924089193344,703
7672,0.4411626160144806,703
7673,0.5778345465660095,703
7674,0.1911800056695938,703
7675,-1.4778398275375366,703
7676,0.6670101881027222,703
7677,0.08654358237981796,703
7678,-0.19914303719997406,703
7679,-0.41542693972587585,703
7680,-0.19237832725048065,703
7681,0.1745971441268921,703
7682,1.0470730066299438,703
7683,0.2552933990955353,703
7684,-0.8828301429748535,703
7685,-2.9308719635009766,703
7686,0.08419845998287201,703
7687,-0.19630783796310425,703
7688,0.17086708545684814,703
7689,-0.02143930271267891,703
7690,1.1867947578430176,703
7691,0.3070163130760193,703
7692,-3.255535125732422,703
7693,-2.803109645843506,703
7694,-1.1323894262313843,703
7695,1.0325217247009277,703
7696,1.4651843309402466,703
7697,-0.3502475619316101,703
7698,0.17851512134075165,703
7699,0.024908091872930527,703
7700,0.31989312171936035,703
7701,0.12224715948104858,703
7702,-0.8062093257904053,703
7703,0.2728499174118042,703
7704,0.15658971667289734,703
7705,0.2820115089416504,703
7706,0.4937244653701782,703
7707,-0.43346157670021057,703
7708,-0.13950513303279877,703
7709,0.7467464804649353,703
7710,1.1555348634719849,703
7711,3.573303699493408,703
7712,-1.1834449768066406,703
7713,2.5861597061157227,703
7714,-0.07365313917398453,703
7715,-0.8779264688491821,703
7716,0.6303887367248535,703
7717,0.0002747904509305954,703
7718,-0.40573543310165405,703
7719,1.3549346923828125,703
7720,-0.6964268684387207,703
7721,0.1610841453075409,703
7722,4.981748580932617,703
7723,1.1337950229644775,703
7724,0.06483796238899231,703
7725,0.04004114493727684,703
7726,0.7804776430130005,703
7727,0.2765384018421173,703
7728,0.7966907024383545,703
7729,0.14147040247917175,703
7730,0.002607997041195631,703
7731,0.008838353678584099,703
7732,3.805598735809326,703
7733,0.6589182019233704,703
7734,1.167360544204712,703
7735,0.0647692009806633,703
7736,0.5416083335876465,703
7737,0.10571299493312836,703
7738,0.2186565101146698,703
7739,-0.7171622514724731,703
7740,-2.5883703231811523,703
7741,4.489173412322998,703
7742,0.13793298602104187,703
7743,0.15240970253944397,703
7744,0.2481136918067932,703
7745,2.016158103942871,703
7746,0.1969897747039795,703
7747,0.3204929232597351,703
7748,-0.36197254061698914,703
7749,0.05491691455245018,703
7750,-1.6920536756515503,703
7751,0.08250611275434494,703
7752,4.143768787384033,703
7753,2.344827651977539,703
7754,-0.48175621032714844,703
7755,0.4926927089691162,703
7756,0.09750265628099442,703
7757,0.017799407243728638,703
7758,0.45683616399765015,703
7759,3.4730329513549805,703
7760,-1.696345329284668,703
7761,1.1268713474273682,703
7762,0.11130699515342712,703
7763,0.07905611395835876,703
7764,0.008721394464373589,703
7765,0.040637485682964325,703
7766,0.3541316092014313,703
7767,-0.4896986484527588,703
7768,0.23490187525749207,703
7769,-4.827534198760986,703
7770,0.36517566442489624,703
7771,-4.6146135330200195,703
7772,0.8644915223121643,703
7773,0.9078536033630371,703
7774,-0.5873218178749084,703
7775,-0.07297126948833466,703
7776,-1.6914101839065552,703
7777,-1.4943701028823853,703
7778,0.3017473816871643,703
7779,0.0981241837143898,703
7780,0.04960838705301285,703
7781,-0.15072771906852722,703
7782,0.7269117832183838,703
7783,-0.12775415182113647,703
7784,0.006859682500362396,703
7785,0.16864903271198273,703
7786,-1.9654167890548706,703
7787,0.17456677556037903,703
7788,0.00366025953553617,703
7789,0.5082963705062866,703
7790,0.9363065361976624,703
7791,-2.252549886703491,703
7792,4.907113552093506,703
7793,-2.1388397216796875,703
7794,0.0102773979306221,703
7795,-3.0642120838165283,703
7796,-0.3439001142978668,703
7797,0.10725259780883789,703
7798,-1.2472445964813232,703
7799,-1.048177719116211,703
7800,0.6869729161262512,703
7801,0.006046256981790066,703
7802,0.6553173661231995,703
7803,-0.6834062337875366,703
7804,-0.3910112977027893,703
7805,0.10375399887561798,703
7806,1.2410982847213745,703
7807,0.47859132289886475,703
7808,0.30399730801582336,703
7809,-1.8193986415863037,703
7810,0.6728140115737915,703
7811,0.1852981448173523,703
7812,-0.04327663779258728,703
7813,1.0438880920410156,703
7814,-0.11459070444107056,703
7815,0.5964929461479187,703
7816,-0.3947286605834961,703
7817,-0.06702329218387604,703
7818,-0.41353845596313477,703
7819,2.317476511001587,703
7820,0.3130315840244293,703
7821,3.8241617679595947,703
7822,-0.29482048749923706,703
7823,1.03682541847229,703
7824,-0.03785289451479912,703
7825,-0.5143123269081116,703
7826,-0.5634217262268066,703
7827,0.7701720595359802,703
7828,4.587466716766357,703
7829,0.6552774310112,703
7830,0.14699967205524445,703
7831,0.013256065547466278,703
7832,0.9336912631988525,703
7833,0.0041775512509047985,703
7834,-1.7517107725143433,703
7835,-0.2145441174507141,703
7836,0.6889439821243286,703
7837,0.3943961262702942,703
7838,-0.11726880073547363,703
7839,0.2923939824104309,703
7840,-0.05647218972444534,703
7841,-2.784585952758789,703
7842,0.6990456581115723,703
7843,-0.2266281545162201,703
7844,0.25396865606307983,703
7845,-0.4870896339416504,703
7846,0.134847030043602,703
7847,-0.12756501138210297,703
7848,0.9491874575614929,703
7849,0.0016020105686038733,703
7850,-1.1559240818023682,703
7851,0.028713105246424675,703
7852,0.6882649660110474,703
7853,0.2865980863571167,703
7854,0.4215468764305115,703
7855,0.16621333360671997,703
7856,0.251113623380661,703
7857,0.506267786026001,703
7858,-0.8158246278762817,703
7859,0.697927713394165,703
7860,3.6968135833740234,703
7861,2.0650508403778076,703
7862,-1.1275039911270142,703
7863,-1.130179762840271,703
7864,-0.08961570262908936,703
7865,0.1112625002861023,703
7866,-0.45613807439804077,703
7867,0.19938114285469055,703
7868,0.07853172719478607,703
7869,0.05133463814854622,703
7870,0.14110548794269562,703
7871,-0.8994089365005493,703
7872,-0.08641017228364944,703
7873,-1.324262022972107,703
7874,1.0867654085159302,703
7875,-0.44527631998062134,703
7876,-0.2577671706676483,703
7877,0.2603178322315216,703
7878,0.21259480714797974,703
7879,-0.1864483654499054,703
7880,-0.04702658951282501,703
7881,-0.25806936621665955,703
7882,0.2789260149002075,703
7883,-0.09178769588470459,703
7884,5.868174076080322,703
7885,0.2684483230113983,703
7886,1.180493950843811,703
7887,-5.322276592254639,703
7888,-3.223660469055176,703
7889,-0.8789511919021606,703
7890,0.19048209488391876,703
7891,0.5023368000984192,703
7892,-1.6129133701324463,703
7893,0.9277685880661011,703
7894,2.1889655590057373,703
7895,-0.3884267210960388,703
7896,0.10804328322410583,703
7897,-0.6624056100845337,703
7898,0.13449707627296448,703
7899,-0.2453453242778778,703
7900,0.27813956141471863,703
7901,1.3875044584274292,703
7902,0.09904375672340393,703
7903,3.59259033203125,703
7904,-0.5228575468063354,703
7905,0.12400735914707184,703
7906,0.5419217348098755,703
7907,-0.15645799040794373,703
7908,0.7682962417602539,703
7909,2.347614288330078,703
7910,-0.008958563208580017,703
7911,0.1389688402414322,703
7912,-0.6953290104866028,703
7913,0.49855825304985046,703
7914,0.008944595232605934,703
7915,0.020963165909051895,703
7916,0.7535725235939026,703
7917,-0.6680396795272827,703
7918,0.32251572608947754,703
7919,-0.2463267296552658,703
7920,-1.1499065160751343,703
7921,6.813821792602539,703
7922,-2.942274570465088,703
7923,0.17778238654136658,703
7924,0.2207774519920349,703
7925,0.22469541430473328,703
7926,-0.4505766034126282,703
7927,-0.8163142204284668,703
7928,3.130026340484619,703
7929,5.00688362121582,703
7930,1.974637746810913,703
7931,2.4144086837768555,703
7932,0.1321406364440918,703
7933,0.1457013040781021,703
7934,0.613759458065033,703
7935,1.2980103492736816,703
7936,0.3785948157310486,703
7937,-4.776012420654297,703
7938,0.3358604311943054,703
7939,-0.16221237182617188,703
7940,-3.9580066204071045,703
7941,0.28308239579200745,703
7942,0.09290453791618347,703
7943,0.028600499033927917,703
7944,0.5392479300498962,703
7945,-0.07176954299211502,703
7946,2.4058566093444824,703
7947,0.16832706332206726,703
7948,0.0021053683012723923,703
7949,0.4136897921562195,703
7950,0.7849032878875732,703
7951,0.06802516430616379,703
7952,0.14102675020694733,703
7953,-0.11873602867126465,703
7954,-0.03297107294201851,703
7955,0.10034167766571045,703
7956,0.34083282947540283,703
7957,0.7239687442779541,703
7958,-0.17702451348304749,703
7959,0.5216639637947083,703
7960,0.31198152899742126,703
7961,0.19130754470825195,703
7962,-0.05912410467863083,703
7963,-2.222208261489868,703
7964,-1.703765630722046,703
7965,0.4422258138656616,703
7966,-0.26158061623573303,703
7967,-0.9248360991477966,703
7968,4.521830081939697,703
7969,0.16658242046833038,703
7970,0.30584022402763367,703
7971,0.47189706563949585,703
7972,-0.504204511642456,703
7973,0.5836889147758484,703
7974,1.333971381187439,703
7975,-0.3598787188529968,703
7976,0.49642881751060486,703
7977,0.0114578353241086,703
7978,-0.15392470359802246,703
7979,0.14021697640419006,703
7980,0.1824316680431366,703
7981,-1.3997128009796143,703
7982,2.426638603210449,703
7983,-2.692678689956665,703
7984,-0.0025029219686985016,703
7985,0.17030510306358337,703
7986,-0.8769501447677612,703
7987,-2.183958053588867,703
7988,0.19071847200393677,703
7989,-0.3006635904312134,703
7990,-0.31808534264564514,703
7991,-0.7095981240272522,703
7992,-0.621288537979126,703
7993,6.433426856994629,703
7994,-3.0969533920288086,703
7995,0.8417338728904724,703
7996,0.0591491237282753,703
7997,5.0023112297058105,703
7998,-1.9430618286132812,703
7999,0.5414417386054993,703
8000,1.4036203622817993,703
8001,0.5467492341995239,703
8002,-1.254852294921875,703
8003,-1.6172473430633545,703
8004,0.8856351375579834,703
8005,0.822459876537323,703
8006,-1.1409900188446045,703
8007,0.22019042074680328,703
8008,0.08642406761646271,703
8009,1.3395919799804688,703
8010,0.005602861288934946,703
8011,-0.2266911417245865,703
8012,-0.25493261218070984,703
8013,1.4718894958496094,703
8014,0.02781536802649498,703
8015,0.014995194971561432,703
8016,-0.5913416743278503,703
8017,-0.11283080279827118,703
8018,-0.6740411520004272,703
8019,-2.5845863819122314,703
8020,1.2215595245361328,703
8021,0.06297522783279419,703
8022,-6.494873046875,703
8023,0.02173434942960739,703
8024,0.036451563239097595,703
8025,0.2673841118812561,703
8026,0.3786499798297882,703
8027,-0.514664888381958,703
8028,-1.7966772317886353,703
8029,0.33218300342559814,703
8030,-7.336340427398682,703
8031,-1.878588080406189,703
8032,-0.6145743131637573,703
8033,-0.986120879650116,703
8034,-0.4601605236530304,703
8035,-1.2656389474868774,703
8036,0.6594003438949585,703
8037,0.9730406999588013,703
8038,-0.0790833905339241,703
8039,0.09823571145534515,703
8040,-0.682332456111908,703
8041,-3.1191439628601074,703
8042,0.13756123185157776,703
8043,2.6447365283966064,703
8044,0.04064111039042473,703
8045,0.006385255604982376,703
8046,0.4675912857055664,703
8047,-1.1655324697494507,703
8048,-0.9841462969779968,703
8049,0.9237886667251587,703
8050,-0.5003432035446167,703
8051,2.714632511138916,703
8052,-5.4456305503845215,703
8053,-1.5074326992034912,703
8054,-0.09627046436071396,703
8055,-0.155736044049263,703
8056,2.2879080772399902,703
8057,0.09993010759353638,703
8058,0.16057735681533813,703
8059,-0.10549688339233398,703
8060,2.695460319519043,703
8061,-0.02822669968008995,703
8062,-0.09523414075374603,703
8063,-0.08457718789577484,703
8064,0.05059784650802612,703
8065,-1.1590226888656616,703
8066,-2.7963011264801025,703
8067,-1.5568574666976929,703
8068,0.7791421413421631,703
8069,-1.1918799877166748,703
8070,-0.5904678702354431,703
8071,0.11820603907108307,703
8072,1.0348740816116333,703
8073,0.031076982617378235,703
8074,1.1560420989990234,703
8075,-0.5547717213630676,703
8076,0.22725816071033478,703
8077,-1.3672455549240112,703
8078,5.8715057373046875,703
8079,0.2933882772922516,703
8080,-0.024640947580337524,703
8081,0.5892349481582642,703
8082,1.3626500368118286,703
8083,0.04027498513460159,703
8084,-0.5434547066688538,703
8085,-1.0511009693145752,703
8086,0.5633668303489685,703
8087,0.768187403678894,703
8088,2.96700119972229,703
8089,-0.06184831261634827,703
8090,2.148435115814209,703
8091,0.09415600448846817,703
8092,3.260345458984375,703
8093,-0.33953118324279785,703
8094,-0.9818663597106934,703
8095,0.1830734759569168,703
8096,0.14004391431808472,703
8097,0.05903235822916031,703
8098,0.9948493838310242,703
8099,-0.061947278678417206,703
8100,-3.3922245502471924,703
8101,-0.11225462704896927,703
8102,0.20532315969467163,703
8103,-0.12122267484664917,703
8104,1.4602875709533691,703
8105,5.97892951965332,703
8106,-1.8129966259002686,703
8107,-0.900543212890625,703
8108,-0.3285124897956848,703
8109,0.15301059186458588,703
8110,3.314197301864624,703
8111,-0.9691827893257141,703
8112,0.5421375036239624,703
8113,2.94278621673584,703
8114,8.92409896850586,703
8115,-0.14655180275440216,703
8116,-1.7565302848815918,703
8117,0.5154991745948792,703
8118,0.15738636255264282,703
8119,0.4521433711051941,703
8120,0.4168584942817688,703
8121,0.8483772277832031,703
8122,-0.1067359670996666,703
8123,0.01899735815823078,703
8124,-0.18663917481899261,703
8125,0.021515853703022003,703
8126,-0.25889140367507935,703
8127,1.31943678855896,703
8128,-1.9676750898361206,703
8129,0.6864594221115112,703
8130,1.9451392889022827,703
8131,0.4061983823776245,703
8132,0.12251856923103333,703
8133,0.6115784645080566,703
8134,0.12574820220470428,703
8135,-0.1470552682876587,703
8136,-2.366532802581787,703
8137,-0.4997570514678955,703
8138,-0.3723454773426056,703
8139,0.8124523758888245,703
8140,3.5295376777648926,703
8141,0.003850199282169342,703
8142,1.532944679260254,703
8143,0.11229002475738525,703
8144,-0.5413776636123657,703
8145,-0.21530145406723022,703
8146,-0.010774974711239338,703
8147,0.32206088304519653,703
8148,0.8778453469276428,703
8149,0.9470257759094238,703
8150,-0.12801587581634521,703
8151,-0.6643747687339783,703
8152,0.1540699303150177,703
8153,1.1253660917282104,703
8154,0.030936986207962036,703
8155,-0.5257570743560791,703
8156,0.7581411004066467,703
8157,0.0261247456073761,703
8158,0.11181378364562988,703
8159,-2.0176892280578613,703
8160,-1.218581199645996,703
8161,0.18683084845542908,703
8162,2.3416104316711426,703
8163,0.16293427348136902,703
8164,-0.26107269525527954,703
8165,-1.3629136085510254,703
8166,-0.0015883147716522217,703
8167,-0.3985058665275574,703
8168,-0.7966007590293884,703
8169,0.16511870920658112,703
8170,-0.25101524591445923,703
8171,0.015103774145245552,703
8172,0.028189443051815033,703
8173,-0.21071481704711914,703
8174,0.5387643575668335,703
8175,0.05682515352964401,703
8176,0.45216038823127747,703
8177,0.765496015548706,703
8178,-0.11201262474060059,703
8179,-0.289687842130661,703
8180,0.35730770230293274,703
8181,8.176248550415039,703
8182,0.2394600510597229,703
8183,-0.5899440050125122,703
8184,-2.0183603763580322,703
8185,-0.02646142989397049,703
8186,1.266821026802063,703
8187,0.8853757381439209,703
8188,-0.5879690051078796,703
8189,-0.10624752193689346,703
8190,-3.445218324661255,703
8191,0.0824291855096817,703
8192,0.4542950987815857,703
8193,0.898813009262085,703
8194,0.01288040541112423,703
8195,-0.12150923907756805,703
8196,-1.1994134187698364,703
8197,-0.045870427042245865,703
8198,0.14277954399585724,703
8199,-0.7356927990913391,703
8200,-0.8855546712875366,703
8201,-0.2518002390861511,703
8202,-0.11804887652397156,703
8203,1.827235460281372,703
8204,-0.3923272490501404,703
8205,-0.7274941802024841,703
8206,0.7835458517074585,703
8207,-0.4743066430091858,703
8208,-0.024909483268857002,703
8209,4.488508701324463,703
8210,-1.0162161588668823,703
8211,-0.32622504234313965,703
8212,0.2761880159378052,703
8213,-6.487839698791504,703
8214,-0.9948761463165283,703
8215,-0.16258476674556732,703
8216,0.29504215717315674,703
8217,0.2227170467376709,703
8218,1.2764043807983398,703
8219,-1.3935298919677734,703
8220,0.024954793974757195,703
8221,-1.0496302843093872,703
8222,0.13403543829917908,703
8223,2.785412073135376,703
8224,0.19597014784812927,703
8225,-0.31697362661361694,703
8226,-0.8361525535583496,703
8227,0.32151487469673157,703
8228,1.5025545358657837,703
8229,-0.3024405837059021,703
8230,-0.08568872511386871,703
8231,0.44492048025131226,703
8232,0.9913609623908997,703
8233,-0.961321234703064,703
8234,-2.6439785957336426,703
8235,0.35219889879226685,703
8236,-1.2966408729553223,703
8237,-1.3956685066223145,703
8238,0.559746503829956,703
8239,-2.6059017181396484,703
8240,0.043062031269073486,703
8241,0.014046335592865944,703
8242,0.09324053674936295,703
8243,-1.6231367588043213,703
8244,-1.6224291324615479,703
8245,-0.4672021269798279,703
8246,-0.036608412861824036,703
8247,0.05366942286491394,703
8248,0.2497594952583313,703
8249,-0.19620439410209656,703
8250,-2.6898691654205322,703
8251,-0.43264803290367126,703
8252,-0.31185784935951233,703
8253,0.5936082601547241,703
8254,-0.6903066635131836,703
8255,0.0049181655049324036,703
8256,0.07056871801614761,703
8257,0.44316184520721436,703
8258,-0.2540988326072693,703
8259,0.33117249608039856,703
8260,-0.3218086063861847,703
8261,-1.9461610317230225,703
8262,-0.19439809024333954,703
8263,2.4007978439331055,703
8264,-0.046759337186813354,703
8265,-1.4758676290512085,703
8266,0.743588387966156,703
8267,0.3528655171394348,703
8268,-0.04806255176663399,703
8269,0.4787616431713104,703
8270,0.7199029326438904,703
8271,-0.2758667469024658,703
8272,0.047474224120378494,703
8273,0.019583571702241898,703
8274,3.4078404903411865,703
8275,0.19492052495479584,703
8276,0.09944210201501846,703
8277,-0.4831976890563965,703
8278,1.6538301706314087,703
8279,-1.047988772392273,703
8280,0.23618613183498383,703
8281,3.4563915729522705,703
8282,1.065248966217041,703
8283,1.9246184825897217,703
8284,-7.852315425872803,703
8285,-1.0817357301712036,703
8286,5.733863830566406,703
8287,0.23403432965278625,703
8288,0.2547796070575714,703
8289,3.2165215015411377,703
8290,-0.22156620025634766,703
8291,0.14310581982135773,703
8292,2.437026023864746,703
8293,0.018107526004314423,703
8294,0.32428085803985596,703
8295,0.18727867305278778,703
8296,0.06031269580125809,703
8297,-0.15579941868782043,703
8298,-0.015844514593482018,703
8299,-6.657341003417969,703
8300,-0.4371584951877594,703
8301,0.028932230547070503,703
8302,0.7413026094436646,703
8303,1.5494459867477417,703
8304,-0.01108260452747345,703
8305,0.1075955256819725,703
8306,-4.488343715667725,703
8307,0.04013638570904732,703
8308,-1.4447258710861206,703
8309,-0.08879849314689636,703
8310,0.10426732897758484,703
8311,-0.8158751130104065,703
8312,0.009901943616569042,703
8313,-0.15118834376335144,703
8314,0.09047382324934006,703
8315,0.024992577731609344,703
8316,0.4076675772666931,703
8317,0.5322815775871277,703
8318,-0.30023011565208435,703
8319,0.3448030352592468,703
8320,0.06876032054424286,703
8321,-0.3709806799888611,703
8322,1.870543122291565,703
8323,0.051524482667446136,703
8324,0.5408889055252075,703
8325,0.6406229734420776,703
8326,-0.41608574986457825,703
8327,2.508514165878296,703
8328,1.4326202869415283,703
8329,-0.6864392161369324,703
8330,0.13765418529510498,703
8331,0.7285014390945435,703
8332,0.2902270555496216,703
8333,-0.29753240942955017,703
8334,0.957450807094574,703
8335,-1.497829556465149,703
8336,0.10108023881912231,703
8337,0.11712019145488739,703
8338,0.6983373165130615,703
8339,0.1622956395149231,703
8340,3.7589058876037598,703
8341,0.8199459314346313,703
8342,0.45421361923217773,703
8343,-1.8139147758483887,703
8344,-1.213765263557434,703
8345,1.3379782438278198,703
8346,0.42907947301864624,703
8347,-1.3772661685943604,703
8348,2.193333148956299,703
8349,0.7266563773155212,703
8350,-1.1455984115600586,703
8351,-4.874743938446045,703
8352,0.6499370336532593,703
8353,-0.4146502614021301,703
8354,-0.8834205269813538,703
8355,-1.1659618616104126,703
8356,0.03404778987169266,703
8357,0.18309319019317627,703
8358,0.640150785446167,703
8359,-0.10504813492298126,703
8360,0.10497588664293289,703
8361,-0.582851231098175,703
8362,2.1481666564941406,703
8363,2.601008892059326,703
8364,-1.542473316192627,703
8365,0.18005836009979248,703
8366,0.3257063627243042,703
8367,-0.25830474495887756,703
8368,-0.5375885963439941,703
8369,-2.7789270877838135,703
8370,-0.5225337147712708,703
8371,-0.32397574186325073,703
8372,-3.6529202461242676,703
8373,0.07214277982711792,703
8374,-0.042632460594177246,703
8375,-0.9337381720542908,703
8376,-1.555228590965271,703
8377,0.22409525513648987,703
8378,-0.3195771872997284,703
8379,0.3871103823184967,703
8380,0.9488124251365662,703
8381,0.027522817254066467,703
8382,0.02805519849061966,703
8383,1.2587859630584717,703
8384,0.7760921716690063,703
8385,0.218603253364563,703
8386,-1.730015754699707,703
8387,-0.4020228385925293,703
8388,-0.5320875644683838,703
8389,2.9677562713623047,703
8390,0.7899127006530762,703
8391,0.841191291809082,703
8392,-3.836275100708008,703
8393,0.08117343485355377,703
8394,-0.29643577337265015,703
8395,-0.3085240125656128,703
8396,0.5381538271903992,703
8397,-4.711359977722168,703
8398,0.13633064925670624,703
8399,0.6387556195259094,703
8400,2.186523914337158,703
8401,0.5082043409347534,703
8402,-1.2863364219665527,703
8403,1.0409842729568481,703
8404,0.3601037263870239,703
8405,0.3484490215778351,703
8406,1.9404206275939941,703
8407,1.425020694732666,703
8408,-0.6820294260978699,703
8409,-0.15025654435157776,703
8410,0.4657394289970398,703
8411,-0.012646492570638657,703
8412,-1.0469835996627808,703
8413,3.9242637157440186,703
8414,-0.30710741877555847,703
8415,-3.456794500350952,703
8416,-1.577078104019165,703
8417,-0.38984841108322144,703
8418,0.8355332016944885,703
8419,-0.03083936870098114,703
8420,-0.13075605034828186,703
8421,-0.3921472728252411,703
8422,0.5612750053405762,703
8423,-0.6030718088150024,703
8424,-0.25481411814689636,703
8425,0.35954487323760986,703
8426,0.9927559494972229,703
8427,-0.5230035781860352,703
8428,-1.9922058582305908,703
8429,0.19079983234405518,703
8430,-1.2576780319213867,703
8431,0.468142032623291,703
8432,0.2764102816581726,703
8433,1.2667003870010376,703
8434,0.023860115557909012,703
8435,-2.191433906555176,703
8436,0.0028526149690151215,703
8437,0.25610604882240295,703
8438,0.9800019264221191,703
8439,-2.0719797611236572,703
8440,0.7606180310249329,703
8441,1.015487551689148,703
8442,-0.976439356803894,703
8443,-0.10699304938316345,703
8444,0.036341454833745956,703
8445,-2.5177597999572754,703
8446,-0.12343082576990128,703
8447,-1.13013756275177,703
8448,-0.22053632140159607,703
8449,-0.5124452710151672,703
8450,-0.06257927417755127,703
8451,0.22436369955539703,703
8452,0.2407543957233429,703
8453,0.8605395555496216,703
8454,-0.12331157922744751,703
8455,-0.08792660385370255,703
8456,-0.35825464129447937,703
8457,0.4352334141731262,703
8458,0.13423269987106323,703
8459,-1.6374410390853882,703
8460,-3.0840582847595215,703
8461,0.6623626351356506,703
8462,-0.8119534850120544,703
8463,-1.6831445693969727,703
8464,0.9011269807815552,703
8465,0.028386056423187256,703
8466,0.2043159306049347,703
8467,2.9684014320373535,703
8468,-5.087380886077881,703
8469,-2.1463325023651123,703
8470,4.808141708374023,703
8471,-2.6447548866271973,703
8472,1.4558035135269165,703
8473,-0.18297815322875977,703
8474,1.5730513334274292,703
8475,-1.7442129850387573,703
8476,-0.044492751359939575,703
8477,-1.15264892578125,703
8478,-0.6470694541931152,703
8479,-0.31412017345428467,703
8480,1.576984167098999,703
8481,-0.22078511118888855,703
8482,-0.26052361726760864,703
8483,-1.5482186079025269,703
8484,2.9608097076416016,703
8485,-0.6821509599685669,703
8486,1.1544532775878906,703
8487,0.3190719187259674,703
8488,-0.011366188526153564,703
8489,0.11062822490930557,703
8490,0.4159226417541504,703
8491,-1.2004450559616089,703
8492,-0.4848601222038269,703
8493,-0.6114332675933838,703
8494,0.11474566161632538,703
8495,-0.8014017939567566,703
8496,0.18869248032569885,703
8497,0.07970963418483734,703
8498,-0.15153920650482178,703
8499,0.4819267988204956,703
8500,0.8569724559783936,703
8501,0.091257244348526,703
8502,-2.2445499897003174,703
8503,0.293879896402359,703
8504,-0.0836389809846878,703
8505,1.9109702110290527,703
8506,0.4684966206550598,703
8507,-2.4450366497039795,703
8508,0.28710073232650757,703
8509,0.12639783322811127,703
8510,-0.048673685640096664,703
8511,-0.8071508407592773,703
8512,1.7177507877349854,703
8513,0.7897757291793823,703
8514,0.1849254071712494,703
8515,0.13325533270835876,703
8516,0.787763237953186,703
8517,0.0348743200302124,703
8518,0.5930663347244263,703
8519,0.30101633071899414,703
8520,0.08919914066791534,703
8521,0.40450114011764526,703
8522,2.7615082263946533,703
8523,0.4210827946662903,703
8524,-0.1640821397304535,703
8525,-0.19929784536361694,703
8526,0.3988001048564911,703
8527,0.18094268441200256,703
8528,-0.5473714470863342,703
8529,-0.6349942684173584,703
8530,-0.06925094127655029,703
8531,-0.09055271744728088,703
8532,0.3545132577419281,703
8533,0.004848725628107786,703
8534,0.10099145770072937,703
8535,-0.014019444584846497,703
8536,-0.9117594957351685,703
8537,-1.7752255201339722,703
8538,0.07694579660892487,703
8539,3.302788257598877,703
8540,-0.06720409542322159,703
8541,0.14803585410118103,703
8542,-0.47871875762939453,703
8543,-11.933769226074219,703
8544,-4.662022113800049,703
8545,0.5383906364440918,703
8546,0.23108620941638947,703
8547,0.06180388107895851,703
8548,-0.608260989189148,703
8549,5.324062347412109,703
8550,-0.21460676193237305,703
8551,0.054018668830394745,703
8552,0.08255520462989807,703
8553,0.3898980915546417,703
8554,3.054157018661499,703
8555,-0.019533153623342514,703
8556,-0.7187774777412415,703
8557,0.11316573619842529,703
8558,0.6063891649246216,703
8559,0.5890453457832336,703
8560,-1.3565399646759033,703
8561,0.014884940348565578,703
8562,0.017452336847782135,703
8563,-1.1540215015411377,703
8564,-0.8741929531097412,703
8565,7.75405216217041,703
8566,-0.36799532175064087,703
8567,0.10426265001296997,703
8568,0.04599067568778992,703
8569,1.1540437936782837,703
8570,0.02609754167497158,703
8571,-2.5164177417755127,703
8572,1.872674822807312,703
8573,0.428505539894104,703
8574,-0.6726768016815186,703
8575,-0.19013413786888123,703
8576,1.919497013092041,703
8577,-1.3745509386062622,703
8578,-0.315609335899353,703
8579,0.24929657578468323,703
8580,-7.460477352142334,703
8581,-2.106494903564453,703
8582,0.027437472715973854,703
8583,-0.10756553709506989,703
8584,3.6727805137634277,703
8585,0.05487051606178284,703
8586,-2.1811227798461914,703
8587,-4.063840866088867,703
8588,-2.0464210510253906,703
8589,-3.3391544818878174,703
8590,1.1578118801116943,703
8591,1.0548971891403198,703
8592,-0.35975393652915955,703
8593,0.21437335014343262,703
8594,0.10263748466968536,703
8595,1.6172356605529785,703
8596,-3.862675905227661,703
8597,-2.7042531967163086,703
8598,-2.023305654525757,703
8599,0.30727043747901917,703
8600,-0.5873083472251892,703
8601,3.938539505004883,703
8602,0.07254838943481445,703
8603,-1.4521920680999756,703
8604,0.15851685404777527,703
8605,0.393327534198761,703
8606,0.16370081901550293,703
8607,0.177913099527359,703
8608,-0.7838013172149658,703
8609,3.013338088989258,703
8610,-0.312028169631958,703
8611,-0.2423471063375473,703
8612,-4.130887508392334,703
8613,-5.512387275695801,703
8614,0.23929770290851593,703
8615,1.1100456714630127,703
8616,0.04758882895112038,703
8617,0.607916533946991,703
8618,0.07944825291633606,703
8619,0.4194771945476532,703
8620,2.7041051387786865,703
8621,0.7808971405029297,703
8622,-0.05323231220245361,703
8623,-3.830564260482788,703
8624,0.03512054681777954,703
8625,-2.3197402954101562,703
8626,7.473621845245361,703
8627,-0.016134411096572876,703
8628,4.166787624359131,703
8629,0.46396172046661377,703
8630,0.4258493185043335,703
8631,0.018784064799547195,703
8632,-3.548409938812256,703
8633,0.09426429867744446,703
8634,-0.22774584591388702,703
8635,-0.22927257418632507,703
8636,0.6483354568481445,703
8637,-2.458794116973877,703
8638,-1.5916820764541626,703
8639,1.5591753721237183,703
8640,-0.5643767714500427,703
8641,0.2681930661201477,703
8642,0.7439243197441101,703
8643,1.988852620124817,703
8644,-0.3987141251564026,703
8645,-0.3341493606567383,703
8646,0.5635271072387695,703
8647,1.4223955869674683,703
8648,5.4334025382995605,703
8649,0.01615249365568161,703
8650,0.012380698695778847,703
8651,0.613971471786499,703
8652,-0.5567667484283447,703
8653,0.09230640530586243,703
8654,-0.028804495930671692,703
8655,-0.7214508056640625,703
8656,-0.018249228596687317,703
8657,0.11789275705814362,703
8658,-2.0314528942108154,703
8659,0.10158610343933105,703
8660,0.04481904208660126,703
8661,0.03787520155310631,703
8662,-0.2031334787607193,703
8663,-0.4165511131286621,703
8664,9.871818542480469,703
8665,0.5154269337654114,703
8666,-1.2124905586242676,703
8667,0.0015032440423965454,703
8668,0.8146935105323792,703
8669,-1.033017635345459,703
8670,-0.3594059944152832,703
8671,0.09811192750930786,703
8672,6.405457973480225,703
8673,0.470463365316391,703
8674,0.20317494869232178,703
8675,-0.013925107195973396,703
8676,-0.9990715980529785,703
8677,0.5321086645126343,703
8678,-5.5787672996521,703
8679,1.280716896057129,703
8680,-0.40978676080703735,703
8681,0.7758618593215942,703
8682,2.524850845336914,703
8683,1.604794979095459,703
8684,1.0748176574707031,703
8685,-0.8277336955070496,703
8686,-0.3680874705314636,703
8687,0.8257380723953247,703
8688,0.05627182126045227,703
8689,-2.0847434997558594,703
8690,-1.540902018547058,703
8691,-8.710453033447266,703
8692,0.43224480748176575,703
8693,0.044963665306568146,703
8694,-0.09031295776367188,703
8695,-0.03741613030433655,703
8696,-0.3089372217655182,703
8697,-1.2724210023880005,703
8698,0.7088397741317749,703
8699,-2.2372970581054688,703
8700,-1.402844786643982,703
8701,0.33080628514289856,703
8702,0.2138148695230484,703
8703,0.19498789310455322,703
8704,1.909406304359436,703
8705,-0.7370984554290771,703
8706,-0.7414101362228394,703
8707,0.2243272066116333,703
8708,0.009140192531049252,703
8709,-1.679713249206543,703
8710,0.20525667071342468,703
8711,0.040122002363204956,703
8712,0.38439083099365234,703
8713,-1.8037214279174805,703
8714,-0.5956011414527893,703
8715,-0.017735619097948074,703
8716,0.055077411234378815,703
8717,0.4721758961677551,703
8718,0.5489774942398071,703
8719,-0.28716880083084106,703
8720,0.543904185295105,703
8721,0.06589409708976746,703
8722,1.351557731628418,703
8723,0.17660510540008545,703
8724,3.374732494354248,703
8725,0.6845535039901733,703
8726,0.17455615103244781,703
8727,0.37462061643600464,703
8728,1.07899010181427,703
8729,0.11738693714141846,703
8730,1.0283567905426025,703
8731,-0.44685155153274536,703
8732,0.6165258884429932,703
8733,0.06100132316350937,703
8734,2.771294593811035,703
8735,0.41526544094085693,703
8736,0.32959678769111633,703
8737,0.20626232028007507,703
8738,-0.24684293568134308,703
8739,0.21842849254608154,703
8740,0.32658612728118896,703
8741,-3.102010726928711,703
8742,0.19966590404510498,703
8743,0.24664005637168884,703
8744,-0.451994389295578,703
8745,1.735985279083252,703
8746,-2.980800151824951,703
8747,0.16470520198345184,703
8748,0.5679365396499634,703
8749,0.2220745086669922,703
8750,0.019140699878335,703
8751,1.1825380325317383,703
8752,0.06170114129781723,703
8753,-0.5415018200874329,703
8754,3.1608126163482666,703
8755,-0.594055712223053,703
8756,0.9628980755805969,703
8757,-1.2272086143493652,703
8758,0.04819200187921524,703
8759,-1.4788386821746826,703
8760,0.192567378282547,703
8761,-0.022181332111358643,703
8762,-0.10933651775121689,703
8763,-5.624481201171875,703
8764,5.527709007263184,703
8765,-0.5876389145851135,703
8766,0.1467912197113037,703
8767,-0.04244731366634369,703
8768,6.728903770446777,703
8769,-0.01864735223352909,703
8770,-0.2792856693267822,703
8771,0.12999972701072693,703
8772,-0.6426083445549011,703
8773,-0.5160202980041504,703
8774,-0.19595187902450562,703
8775,0.5189399123191833,703
8776,0.004530634731054306,703
8777,-1.5704522132873535,703
8778,1.030529499053955,703
8779,0.5353413820266724,703
8780,0.010023646056652069,703
8781,1.3627688884735107,703
8782,0.3987354338169098,703
8783,-0.20673659443855286,703
8784,-1.8473749160766602,703
8785,-0.05779699236154556,703
8786,0.1261671781539917,703
8787,0.6161414384841919,703
8788,0.034635234624147415,703
8789,0.2806588113307953,703
8790,1.2285877466201782,703
8791,-2.4893736839294434,703
8792,2.044969320297241,703
8793,-0.2797665297985077,703
8794,0.07134248316287994,703
8795,0.44632068276405334,703
8796,1.2352932691574097,703
8797,0.34421801567077637,703
8798,0.4086023271083832,703
8799,1.0419142246246338,703
8800,-0.341441810131073,703
8801,-0.9894141554832458,703
8802,-1.9715168476104736,703
8803,-4.203150749206543,703
8804,-1.6509764194488525,703
8805,0.3446124196052551,703
8806,0.09366513788700104,703
8807,0.2278822958469391,703
8808,-0.5179915428161621,703
8809,0.4720247983932495,703
8810,0.4937964379787445,703
8811,-0.21851274371147156,703
8812,1.4043768644332886,703
8813,-0.84320068359375,703
8814,0.07392411679029465,703
8815,0.9210940003395081,703
8816,0.48320311307907104,703
8817,0.0005176137201488018,703
8818,2.129363775253296,703
8819,0.06228724494576454,703
8820,0.06383349001407623,703
8821,0.755129337310791,703
8822,-0.5484825372695923,703
8823,0.5683177709579468,703
8824,0.17202965915203094,703
8825,-1.6582070589065552,703
8826,0.6526143550872803,703
8827,0.6303340196609497,703
8828,5.135367393493652,703
8829,-0.2656264901161194,703
8830,0.6333149671554565,703
8831,0.03482859581708908,703
8832,0.31119516491889954,703
8833,-4.449342250823975,703
8834,0.09231182932853699,703
8835,0.3215165138244629,703
8836,0.23480193316936493,703
8837,-0.12546001374721527,703
8838,0.09056631475687027,703
8839,-0.39639100432395935,703
8840,-1.9469151496887207,703
8841,-0.05623999983072281,703
8842,0.24801753461360931,703
8843,0.40337446331977844,703
8844,0.7999094128608704,703
8845,-0.5468302369117737,703
8846,0.07184512913227081,703
8847,1.7899181842803955,703
8848,0.005430491641163826,703
8849,0.2260388731956482,703
8850,0.38572949171066284,703
8851,0.12316125631332397,703
8852,0.024632319808006287,703
8853,0.8310396671295166,703
8854,-1.6847162246704102,703
8855,-1.4555572271347046,703
8856,0.9993441700935364,703
8857,0.20776773989200592,703
8858,-1.7971704006195068,703
8859,0.7209681272506714,703
8860,-7.593145370483398,703
8861,-0.8055227994918823,703
8862,-0.2759309411048889,703
8863,-0.4390869736671448,703
8864,1.3347704410552979,703
8865,0.2906099557876587,703
8866,-5.0007829666137695,703
8867,0.014775583520531654,703
8868,-0.08019918948411942,703
8869,0.06776350736618042,703
8870,0.06923933327198029,703
8871,0.06668602675199509,703
8872,0.8202928304672241,703
8873,0.6713297367095947,703
8874,1.4146547317504883,703
8875,0.04685238003730774,703
8876,0.0038687370251864195,703
8877,0.9682949185371399,703
8878,0.4178779125213623,703
8879,0.44563615322113037,703
8880,-1.392106294631958,703
8881,0.817610502243042,703
8882,-2.2490615844726562,703
8883,-2.5546066761016846,703
8884,-0.1276094764471054,703
8885,-3.091174602508545,703
8886,1.3507575988769531,703
8887,-1.1964808702468872,703
8888,-0.035712745040655136,703
8889,0.09612338989973068,703
8890,0.8565860986709595,703
8891,-0.43165621161460876,703
8892,0.7848690748214722,703
8893,-0.4093719720840454,703
8894,-0.47943946719169617,703
8895,-0.7235323190689087,703
8896,-0.14276768267154694,703
8897,0.11147907376289368,703
8898,0.47584861516952515,703
8899,-0.5224414467811584,703
8900,-0.7771233916282654,703
8901,0.053730398416519165,703
8902,-0.006056147161871195,703
8903,-0.44855910539627075,703
8904,-2.558241605758667,703
8905,-1.9922748804092407,703
8906,-0.007468522991985083,703
8907,-0.04080207273364067,703
8908,-1.3821176290512085,703
8909,0.0030215494334697723,703
8910,0.010982292704284191,703
8911,-0.46051937341690063,703
8912,0.11839531362056732,703
8913,0.18514195084571838,703
8914,0.5142673850059509,703
8915,0.20834240317344666,703
8916,-0.6510294675827026,703
8917,2.5167176723480225,703
8918,-0.21520671248435974,703
8919,-1.3272762298583984,703
8920,0.20131106674671173,703
8921,1.5798245668411255,703
8922,0.12004713714122772,703
8923,0.2579761743545532,703
8924,0.48958075046539307,703
8925,-3.500405788421631,703
8926,-5.025176525115967,703
8927,0.07036307454109192,703
8928,-0.3860214650630951,703
8929,-0.03588405251502991,703
8930,0.2833017110824585,703
8931,0.08615989983081818,703
8932,-2.5146355628967285,703
8933,-0.4940023720264435,703
8934,-2.2946722507476807,703
8935,0.06305309385061264,703
8936,-0.4496849477291107,703
8937,0.34968894720077515,703
8938,1.8210723400115967,703
8939,0.17713353037834167,703
8940,0.6489696502685547,703
8941,0.4441823959350586,703
8942,0.07053112983703613,703
8943,0.012516869232058525,703
8944,2.0282609462738037,703
8945,-2.5055553913116455,703
8946,0.4231041371822357,703
8947,0.1351391077041626,703
8948,-0.3005833625793457,703
8949,0.026375576853752136,703
8950,0.06768365204334259,703
8951,-1.4121054410934448,703
8952,-0.7735614776611328,703
8953,-11.941570281982422,703
8954,-0.6698929071426392,703
8955,0.6671640872955322,703
8956,0.6463788747787476,703
8957,0.09930343180894852,703
8958,0.19400440156459808,703
8959,-4.50609016418457,703
8960,0.27056336402893066,703
8961,-0.2741175591945648,703
8962,-0.13241541385650635,703
8963,-2.2254343032836914,703
8964,-1.0932470560073853,703
8965,0.2456505298614502,703
8966,-0.005445048678666353,703
8967,2.542252540588379,703
8968,0.005814089439809322,703
8969,-0.23248612880706787,703
8970,-0.7534815669059753,703
8971,-0.019886359572410583,703
8972,0.8498071432113647,703
8973,0.016598276793956757,703
8974,-0.2977309823036194,703
8975,0.2695046365261078,703
8976,-1.664701223373413,703
8977,-0.7016382813453674,703
8978,1.6811424493789673,703
8979,1.3711957931518555,703
8980,2.1246721744537354,703
8981,-1.4742884635925293,703
8982,0.002593777608126402,703
8983,-1.9508401155471802,703
8984,-0.7770802974700928,703
8985,0.3228434920310974,703
8986,-0.21749240159988403,703
8987,-0.5691925883293152,703
8988,0.01580805331468582,703
8989,-0.19087184965610504,703
8990,0.025498995557427406,703
8991,0.1150885745882988,703
8992,-1.4361587762832642,703
8993,0.41612666845321655,703
8994,0.17584696412086487,703
8995,0.8735315203666687,703
8996,0.010722540318965912,703
8997,2.434025526046753,703
8998,0.3624609708786011,703
8999,0.44917789101600647,703
9000,-0.037065278738737106,703
9001,0.6356580853462219,703
9002,-0.09085293114185333,703
9003,-0.3146970272064209,703
9004,-1.5154632329940796,703
9005,-0.47888365387916565,703
9006,-0.9754844307899475,703
9007,0.08556370437145233,703
9008,-0.49675434827804565,703
9009,-0.5264236330986023,703
9010,4.12076997756958,703
9011,-1.0416605472564697,703
9012,-0.6423718333244324,703
9013,-0.2902805507183075,703
9014,1.6231708526611328,703
9015,-0.4583042860031128,703
9016,0.11056262254714966,703
9017,2.9961724281311035,703
9018,-0.795721173286438,703
9019,-0.6466771364212036,703
9020,1.1872628927230835,703
9021,0.3085370659828186,703
9022,0.0495932400226593,703
9023,0.9842228889465332,703
9024,0.21475160121917725,703
9025,0.047035783529281616,703
9026,2.01768159866333,703
9027,-1.108353614807129,703
9028,-2.7242367267608643,703
9029,3.2060248851776123,703
9030,0.16796939074993134,703
9031,0.34076619148254395,703
9032,0.8842146992683411,703
9033,-0.15362896025180817,703
9034,-0.022922731935977936,703
9035,-3.0896496772766113,703
9036,-1.3723167181015015,703
9037,-1.9205565452575684,703
9038,-0.35897523164749146,703
9039,-0.1740112006664276,703
9040,-0.4580475389957428,703
9041,2.220277786254883,703
9042,-0.780941367149353,703
9043,0.02442087233066559,703
9044,0.24676728248596191,703
9045,-2.0281898975372314,703
9046,-0.3158807158470154,703
9047,-0.09327369928359985,703
9048,-0.5734083652496338,703
9049,2.9102978706359863,703
9050,3.4508543014526367,703
9051,-0.5807737112045288,703
9052,-0.2905217707157135,703
9053,0.640723466873169,703
9054,4.8854570388793945,703
9055,0.5000436305999756,703
9056,-0.21813800930976868,703
9057,0.05827024206519127,703
9058,-1.5165441036224365,703
9059,0.5051486492156982,703
9060,-0.20696400105953217,703
9061,0.42682456970214844,703
9062,-1.4577891826629639,703
9063,0.9876984357833862,703
9064,-0.21513879299163818,703
9065,0.28981441259384155,703
9066,0.05310405045747757,703
9067,0.1648653745651245,703
9068,2.882354497909546,703
9069,-0.1065758764743805,703
9070,0.4891631603240967,703
9071,-0.3485216498374939,703
9072,-3.0526108741760254,703
9073,-0.4527457654476166,703
9074,0.6932103037834167,703
9075,4.456085205078125,703
9076,0.19803962111473083,703
9077,0.030664876103401184,703
9078,0.3636232018470764,703
9079,0.7136613726615906,703
9080,2.6909995079040527,703
9081,11.605064392089844,703
9082,0.5500946640968323,703
9083,0.012763651087880135,703
9084,2.512355089187622,703
9085,-1.1117818355560303,703
9086,-0.392689049243927,703
9087,-2.224196434020996,703
9088,0.2846551537513733,703
9089,0.34681010246276855,703
9090,-0.1764293909072876,703
9091,0.28511637449264526,703
9092,-0.032264288514852524,703
9093,-0.14161249995231628,703
9094,-0.2662973999977112,703
9095,0.37450894713401794,703
9096,-0.4884594678878784,703
9097,0.4184691607952118,703
9098,0.21424466371536255,703
9099,-0.651210606098175,703
9100,1.8199710845947266,703
9101,-0.43545156717300415,703
9102,-0.027676314115524292,703
9103,1.6089563369750977,703
9104,-3.296912908554077,703
9105,-1.875675916671753,703
9106,0.30162855982780457,703
9107,2.892324924468994,703
9108,-0.07172713428735733,703
9109,0.12088242173194885,703
9110,-0.6193887591362,703
9111,2.656531572341919,703
9112,-0.10789605230093002,703
9113,-0.17944014072418213,703
9114,0.1010461151599884,703
9115,-0.15779177844524384,703
9116,-0.27258411049842834,703
9117,4.33057165145874,703
9118,1.9119348526000977,703
9119,0.1009564995765686,703
9120,-0.2669982314109802,703
9121,-1.2864258289337158,703
9122,0.06329871714115143,703
9123,2.1345043182373047,703
9124,2.010047197341919,703
9125,-0.5228208303451538,703
9126,1.913437843322754,703
9127,-0.12141233682632446,703
9128,0.527864396572113,703
9129,-0.12265907227993011,703
9130,0.19667285680770874,703
9131,1.0983127355575562,703
9132,-2.5691921710968018,703
9133,-2.234347343444824,703
9134,-0.14262166619300842,703
9135,-1.3784246444702148,703
9136,-0.45971304178237915,703
9137,0.7677070498466492,703
9138,0.03379153832793236,703
9139,-0.15594002604484558,703
9140,-9.802565574645996,703
9141,-8.652436256408691,703
9142,0.05725046247243881,703
9143,0.2060026377439499,703
9144,0.5359954833984375,703
9145,-1.4587301015853882,703
9146,0.26494961977005005,703
9147,-0.17734333872795105,703
9148,0.7539247274398804,703
9149,0.28053462505340576,703
9150,-0.06889607757329941,703
9151,1.01526939868927,703
9152,8.326211929321289,703
9153,0.21444010734558105,703
9154,0.1865546703338623,703
9155,1.7159943580627441,703
9156,-0.21603968739509583,703
9157,-1.2918232679367065,703
9158,0.36316224932670593,703
9159,0.4647715985774994,703
9160,0.13518139719963074,703
9161,0.37719985842704773,703
9162,0.11195729672908783,703
9163,-2.9242825508117676,703
9164,-0.07795798778533936,703
9165,-1.1096994876861572,703
9166,0.9209555983543396,703
9167,-0.160879448056221,703
9168,0.24714064598083496,703
9169,-0.06933388113975525,703
9170,0.1653505265712738,703
9171,3.546022415161133,703
9172,0.08092672377824783,703
9173,0.007676480337977409,703
9174,-3.7013306617736816,703
9175,-0.04035177454352379,703
9176,-7.478355407714844,703
9177,0.6076907515525818,703
9178,0.11625915765762329,703
9179,0.09423577040433884,703
9180,-0.19113627076148987,703
9181,-3.03296160697937,703
9182,1.306104063987732,703
9183,-0.570257842540741,703
9184,0.08053646236658096,703
9185,0.26434117555618286,703
9186,-7.988837718963623,703
9187,0.21307803690433502,703
9188,0.09916679561138153,703
9189,-0.9319059252738953,703
9190,-1.0022687911987305,703
9191,-1.573862910270691,703
9192,-2.660635232925415,703
9193,0.19095590710639954,703
9194,-1.272557020187378,703
9195,0.06166098266839981,703
9196,-0.37108466029167175,703
9197,0.3074483871459961,703
9198,0.6121077537536621,703
9199,0.21741941571235657,703
9200,0.037505317479372025,703
9201,0.23324570059776306,703
9202,-0.12735891342163086,703
9203,0.5156659483909607,703
9204,0.7946853637695312,703
9205,0.21274977922439575,703
9206,4.061763286590576,703
9207,0.3118414878845215,703
9208,-4.306695938110352,703
9209,-0.03427281603217125,703
9210,0.026979684829711914,703
9211,0.09486625343561172,703
9212,-0.5520535707473755,703
9213,-1.3452889919281006,703
9214,-0.47749993205070496,703
9215,0.0009593591094017029,703
9216,0.017650287598371506,703
9217,-0.14857658743858337,703
9218,0.11294139921665192,703
9219,0.3603554368019104,703
9220,-0.1398860216140747,703
9221,0.554709792137146,703
9222,-1.147975206375122,703
9223,0.0009404653683304787,703
9224,7.08991003036499,703
9225,-0.16711615025997162,703
9226,0.6012550592422485,703
9227,0.3316233158111572,703
9228,-3.0523555278778076,703
9229,-0.6514142155647278,703
9230,0.07591086626052856,703
9231,0.18727605044841766,703
9232,0.00410602567717433,703
9233,0.2279849797487259,703
9234,-0.523190975189209,703
9235,0.08991137146949768,703
9236,0.19896352291107178,703
9237,4.157043933868408,703
9238,0.0068859197199344635,703
9239,-0.007430080324411392,703
9240,-1.49021315574646,703
9241,2.136155366897583,703
9242,-1.82952082157135,703
9243,0.07264736294746399,703
9244,-0.9234050512313843,703
9245,0.06652088463306427,703
9246,0.09943754225969315,703
9247,-0.1699584424495697,703
9248,1.0250540971755981,703
9249,-0.5643567442893982,703
9250,0.09915420413017273,703
9251,0.6014546751976013,703
9252,0.13721565902233124,703
9253,-0.7926269769668579,703
9254,3.459737777709961,703
9255,-0.5331158638000488,703
9256,0.004674050956964493,703
9257,0.05988681688904762,703
9258,0.2882189452648163,703
9259,-0.2940024137496948,703
9260,-0.32015708088874817,703
9261,1.2576541900634766,703
9262,-2.818248987197876,703
9263,0.0938790813088417,703
9264,0.18465830385684967,703
9265,2.6356992721557617,703
9266,-0.2838870882987976,703
9267,0.6058754920959473,703
9268,-0.22641095519065857,703
9269,-0.04929526150226593,703
9270,0.3345818519592285,703
9271,0.015169598162174225,703
9272,3.9122722148895264,703
9273,-1.8963783979415894,703
9274,0.2924412786960602,703
9275,0.6333264112472534,703
9276,-0.9176372289657593,703
9277,0.08379784226417542,703
9278,-2.7431108951568604,703
9279,-1.500163197517395,703
9280,0.221371591091156,703
9281,0.7970343828201294,703
9282,-0.3074337840080261,703
9283,0.8812609910964966,703
9284,0.23442281782627106,703
9285,0.6771082282066345,703
9286,3.161646842956543,703
9287,0.04817038029432297,703
9288,-0.14895857870578766,703
9289,-3.844264268875122,703
9290,0.6640079021453857,703
9291,0.36388152837753296,703
9292,1.9069387912750244,703
9293,0.013753542676568031,703
9294,-0.11755552887916565,703
9295,0.21308907866477966,703
9296,0.028472909703850746,703
9297,0.07858164608478546,703
9298,-1.7651605606079102,703
9299,-0.1464548408985138,703
9300,0.1942436844110489,703
9301,0.10325312614440918,703
9302,0.09649986028671265,703
9303,-0.15121854841709137,703
9304,-1.3731951713562012,703
9305,0.9547815322875977,703
9306,0.15403977036476135,703
9307,2.158953905105591,703
9308,-2.8391127586364746,703
9309,-3.2919607162475586,703
9310,1.335371971130371,703
9311,-0.17753294110298157,703
9312,0.2873157262802124,703
9313,-0.16557498276233673,703
9314,2.0644357204437256,703
9315,-1.3558955192565918,703
9316,1.2338969707489014,703
9317,0.36178842186927795,703
9318,0.385081022977829,703
9319,-0.027781721204519272,703
9320,2.5015435218811035,703
9321,-0.8200969099998474,703
9322,7.602731704711914,703
9323,-8.665271759033203,703
9324,-0.0360587015748024,703
9325,0.9511675834655762,703
9326,1.6163488626480103,703
9327,0.560452938079834,703
9328,3.2303483486175537,703
9329,-5.723714351654053,703
9330,0.11483100056648254,703
9331,0.04628437012434006,703
9332,-0.21503588557243347,703
9333,2.9274675846099854,703
9334,-1.4378464221954346,703
9335,0.2903303802013397,703
9336,0.08646927028894424,703
9337,-0.04780957102775574,703
9338,-1.2832167148590088,703
9339,-0.008047506213188171,703
9340,-2.8999080657958984,703
9341,-1.4092158079147339,703
9342,-1.2473949193954468,703
9343,-0.6353170871734619,703
9344,-2.485167980194092,703
9345,-0.1541290283203125,703
9346,0.16406086087226868,703
9347,0.13813826441764832,703
9348,0.06574902683496475,703
9349,0.0217781662940979,703
9350,-0.3793264627456665,703
9351,-0.23838450014591217,703
9352,-0.06841307133436203,703
9353,-0.1808253973722458,703
9354,-5.7986907958984375,703
9355,0.7349753975868225,703
9356,0.23257282376289368,703
9357,-1.790682315826416,703
9358,0.08406535536050797,703
9359,0.47458845376968384,703
9360,0.2961258888244629,703
9361,0.5285739898681641,703
9362,-0.052373990416526794,703
9363,-1.760162353515625,703
9364,3.9063000679016113,703
9365,-0.08169959485530853,703
9366,-0.09709852933883667,703
9367,0.09966619312763214,703
9368,-0.5969005823135376,703
9369,-2.0378870964050293,703
9370,0.30263251066207886,703
9371,0.24743923544883728,703
9372,-0.3558458089828491,703
9373,0.2221696674823761,703
9374,-3.504314661026001,703
9375,-0.1876494288444519,703
9376,-0.04269690811634064,703
9377,-0.29140135645866394,703
9378,0.009765752591192722,703
9379,-0.4717974364757538,703
9380,-0.618179202079773,703
9381,-0.29326772689819336,703
9382,-2.4625113010406494,703
9383,-3.5990140438079834,703
9384,-0.08553283661603928,703
9385,1.1903297901153564,703
9386,0.3197558522224426,703
9387,-0.8864506483078003,703
9388,2.657808780670166,703
9389,0.3250213861465454,703
9390,0.9867442846298218,703
9391,0.4026055932044983,703
9392,1.3498505353927612,703
9393,0.5688923597335815,703
9394,-0.19764694571495056,703
9395,0.030113384127616882,703
9396,-0.05416526272892952,703
9397,-4.239150524139404,703
9398,-0.7904039025306702,703
9399,-4.704697608947754,703
9400,0.3825374245643616,703
9401,0.4600828289985657,703
9402,0.18883450329303741,703
9403,0.39700525999069214,703
9404,0.5923463702201843,703
9405,0.2052299678325653,703
9406,0.04454873129725456,703
9407,-0.1592596471309662,703
9408,-1.5833868980407715,703
9409,0.1609983593225479,703
9410,0.3486955463886261,703
9411,-0.0718744620680809,703
9412,0.3386499285697937,703
9413,0.12966841459274292,703
9414,4.8730082511901855,703
9415,-0.09321928024291992,703
9416,0.20769333839416504,703
9417,0.19513046741485596,703
9418,-0.28773534297943115,703
9419,-0.9475877285003662,703
9420,-0.7040689587593079,703
9421,1.2785674333572388,703
9422,0.4260703921318054,703
9423,-1.8819619417190552,703
9424,0.16162928938865662,703
9425,3.426942825317383,703
9426,-0.21413716673851013,703
9427,0.0738394558429718,703
9428,0.8254740238189697,703
9429,0.17266717553138733,703
9430,0.26849910616874695,703
9431,0.5742341876029968,703
9432,-1.8216873407363892,703
9433,-0.03471750020980835,703
9434,1.6335422992706299,703
9435,0.20166711509227753,703
9436,-0.3645595908164978,703
9437,-0.007739633321762085,703
9438,-0.052367307245731354,703
9439,-0.17967817187309265,703
9440,-0.8924880027770996,703
9441,-2.1778712272644043,703
9442,-2.3300304412841797,703
9443,-1.4535382986068726,703
9444,0.11042787879705429,703
9445,0.016751792281866074,703
9446,1.7090517282485962,703
9447,0.03361419215798378,703
9448,0.7538877725601196,703
9449,0.27782711386680603,703
9450,-0.6124247908592224,703
9451,0.6944747567176819,703
9452,0.21480228006839752,703
9453,-0.04081407189369202,703
9454,-0.32956624031066895,703
9455,-1.3626214265823364,703
9456,0.3320671617984772,703
9457,0.6186926364898682,703
9458,0.4117144048213959,703
9459,-2.899364948272705,703
9460,-2.3622331619262695,703
9461,0.1516532301902771,703
9462,-0.25547754764556885,703
9463,0.11333152651786804,703
9464,-0.2646418511867523,703
9465,-0.15737056732177734,703
9466,3.2909345626831055,703
9467,-0.12461772561073303,703
9468,-1.2083251476287842,703
9469,-0.06029929220676422,703
9470,0.057795654982328415,703
9471,0.222570538520813,703
9472,0.2709016799926758,703
9473,0.2714821398258209,703
9474,-0.4059322476387024,703
9475,0.01237704511731863,703
9476,6.1355977058410645,703
9477,0.4006744623184204,703
9478,0.45209869742393494,703
9479,-0.2693813443183899,703
9480,0.510735034942627,703
9481,-0.48204004764556885,703
9482,0.6217551231384277,703
9483,3.633917808532715,703
9484,0.16290585696697235,703
9485,0.48773908615112305,703
9486,3.4086389541625977,703
9487,-1.9930057525634766,703
9488,-0.08539678901433945,703
9489,-0.1303853541612625,703
9490,0.00645793043076992,703
9491,0.130787655711174,703
9492,-0.9637220501899719,703
9493,0.04269111901521683,703
9494,0.07001970708370209,703
9495,0.39953798055648804,703
9496,1.0804792642593384,703
9497,-0.15060955286026,703
9498,-1.6476943492889404,703
9499,0.7780245542526245,703
9500,-0.30800068378448486,703
9501,1.0866600275039673,703
9502,0.5426420569419861,703
9503,0.10735990107059479,703
9504,-0.22588327527046204,703
9505,0.5905156135559082,703
9506,-0.9561007022857666,703
9507,1.1850680112838745,703
9508,-2.5123133659362793,703
9509,-0.03600040823221207,703
9510,0.23792707920074463,703
9511,-0.46117115020751953,703
9512,-6.576590061187744,703
9513,-3.0819740295410156,703
9514,1.5805437564849854,703
9515,0.24682189524173737,703
9516,0.15622615814208984,703
9517,1.176391839981079,703
9518,-0.011475173756480217,703
9519,3.6870832443237305,703
9520,2.1600146293640137,703
9521,-2.2268919944763184,703
9522,-1.2735850811004639,703
9523,-1.8020492792129517,703
9524,-3.458449602127075,703
9525,0.41410714387893677,703
9526,-0.2528189420700073,703
9527,-0.4564337730407715,703
9528,3.9810028076171875,703
9529,-6.723288536071777,703
9530,-3.009190797805786,703
9531,0.06747134774923325,703
9532,-1.3409743309020996,703
9533,0.5400937795639038,703
9534,-0.32848089933395386,703
9535,0.2387067675590515,703
9536,-0.6682620644569397,703
9537,-0.03522302210330963,703
9538,-0.06059999391436577,703
9539,-0.08341974020004272,703
9540,-1.2396994829177856,703
9541,-6.392598152160645e-05,703
9542,-1.6408321857452393,703
9543,-2.2190158367156982,703
9544,0.08026762306690216,703
9545,-0.15380047261714935,703
9546,-0.03054850921034813,703
9547,-0.5527303814888,703
9548,-0.15479815006256104,703
9549,0.032713260501623154,703
9550,0.20538459718227386,703
9551,-0.003925414755940437,703
9552,-1.3105359077453613,703
9553,2.624823570251465,703
9554,-2.136164665222168,703
9555,-0.26608920097351074,703
9556,0.02563309669494629,703
9557,-0.5237064361572266,703
9558,-0.8699660301208496,703
9559,-0.11052048206329346,703
9560,0.14022289216518402,703
9561,-0.9894023537635803,703
9562,-0.013397160917520523,703
9563,-1.200814962387085,703
9564,-0.042264845222234726,703
9565,0.12173445522785187,703
9566,-0.0011058412492275238,703
9567,-0.14522360265254974,703
9568,0.44397127628326416,703
9569,0.27058500051498413,703
9570,0.13343140482902527,703
9571,-0.42870283126831055,703
9572,1.1119123697280884,703
9573,0.17323550581932068,703
9574,-0.7174766659736633,703
9575,-1.4608869552612305,703
9576,0.4615950584411621,703
9577,0.05725628882646561,703
9578,0.026599206030368805,703
9579,1.089120864868164,703
9580,0.18553295731544495,703
9581,-1.503738522529602,703
9582,-1.57741117477417,703
9583,6.0864105224609375,703
9584,1.6351866722106934,703
9585,0.01223176158964634,703
9586,2.144639730453491,703
9587,-0.10806339979171753,703
9588,-0.009151587262749672,703
9589,-0.004716813564300537,703
9590,0.08437895774841309,703
9591,0.06353940814733505,703
9592,-0.4645922780036926,703
9593,0.30960971117019653,703
9594,-0.7502511739730835,703
9595,-0.5175348520278931,703
9596,-0.18132616579532623,703
9597,-0.08574600517749786,703
9598,-7.76453971862793,703
9599,-0.6325937509536743,703
9600,-0.010349661111831665,703
9601,-1.5577244758605957,703
9602,-2.161607027053833,703
9603,0.7836731672286987,703
9604,3.1127548217773438,703
9605,-0.06713849306106567,703
9606,-0.9652942419052124,703
9607,-3.7762343883514404,703
9608,0.5393625497817993,703
9609,0.0004586130380630493,703
9610,-4.005228519439697,703
9611,-5.270192623138428,703
9612,0.8699697256088257,703
9613,3.5073840618133545,703
9614,-3.6017191410064697,703
9615,-6.4763712882995605,703
9616,-0.13011512160301208,703
9617,1.1793850660324097,703
9618,0.05437760800123215,703
9619,-0.4937520921230316,703
9620,0.12114495784044266,703
9621,1.0141816139221191,703
9622,-0.02869594842195511,703
9623,3.53943133354187,703
9624,-0.46156227588653564,703
9625,-0.45750755071640015,703
9626,-0.6903294324874878,703
9627,0.10831261426210403,703
9628,0.10713890194892883,703
9629,0.4569145143032074,703
9630,-0.004467517137527466,703
9631,-0.768903374671936,703
9632,-3.957050085067749,703
9633,-0.9685945510864258,703
9634,-0.029961861670017242,703
9635,0.9470000863075256,703
9636,0.2392885684967041,703
9637,0.09075436741113663,703
9638,-0.582730770111084,703
9639,-0.6867582201957703,703
9640,0.17280957102775574,703
9641,-0.2991006374359131,703
9642,-0.6961780190467834,703
9643,-0.32930490374565125,703
9644,0.034461017698049545,703
9645,-1.9003173112869263,703
9646,1.906506061553955,703
9647,-0.15539735555648804,703
9648,0.2325432151556015,703
9649,-1.5522085428237915,703
9650,0.4640563130378723,703
9651,-1.3770530223846436,703
9652,0.26779088377952576,703
9653,-0.14224132895469666,703
9654,0.1919790655374527,703
9655,0.24577291309833527,703
9656,0.06902286410331726,703
9657,0.9777201414108276,703
9658,-2.6808691024780273,703
9659,3.9599976539611816,703
9660,0.006354514509439468,703
9661,-0.31842362880706787,703
9662,0.6085385084152222,703
9663,-0.04910709336400032,703
9664,0.5594388246536255,703
9665,0.2820500135421753,703
9666,-0.0017791353166103363,703
9667,-0.5404636859893799,703
9668,-1.6200681924819946,703
9669,4.561913013458252,703
9670,0.9591344594955444,703
9671,-0.11124385893344879,703
9672,-0.060881927609443665,703
9673,-1.3870577812194824,703
9674,-1.1692497730255127,703
9675,1.4833613634109497,703
9676,10.726520538330078,703
9677,-3.973747491836548,703
9678,-2.2996082305908203,703
9679,0.2762572765350342,703
9680,1.035668134689331,703
9681,0.050265491008758545,703
9682,-0.5023208260536194,703
9683,-0.006321631371974945,703
9684,-0.08448794484138489,703
9685,-1.3734346628189087,703
9686,-0.2626701593399048,703
9687,-0.6906789541244507,703
9688,2.3620808124542236,703
9689,0.3902733325958252,703
9690,0.038512445986270905,703
9691,-0.7068729996681213,703
9692,1.3220229148864746,703
9693,-1.2834181785583496,703
9694,0.37154147028923035,703
9695,5.1831793785095215,703
9696,0.00906375888735056,703
9697,1.0576545000076294,703
9698,-7.680230617523193,703
9699,4.664578437805176,703
9700,0.6170892715454102,703
9701,-0.5257858037948608,703
9702,-0.8047653436660767,703
9703,1.6322331428527832,703
9704,0.07774990797042847,703
9705,-2.543657064437866,703
9706,0.6585106253623962,703
9707,2.1811294555664062,703
9708,-0.26475805044174194,703
9709,0.07234970480203629,703
9710,0.10051511228084564,703
9711,-1.7382735013961792,703
9712,-0.7837589383125305,703
9713,1.144700288772583,703
9714,-2.6569314002990723,703
9715,0.05653008073568344,703
9716,0.6961508989334106,703
9717,0.0481138676404953,703
9718,0.23705130815505981,703
9719,0.7992006540298462,703
9720,0.3865063786506653,703
9721,-0.07331213355064392,703
9722,-0.1410999298095703,703
9723,-0.07158228754997253,703
9724,0.06708525866270065,703
9725,0.7686954736709595,703
9726,4.6448140144348145,703
9727,-0.8096021413803101,703
9728,0.5797232985496521,703
9729,-1.8106074333190918,703
9730,2.5369789600372314,703
9731,1.5529165267944336,703
9732,-0.5456706881523132,703
9733,-1.060995101928711,703
9734,2.1913232803344727,703
9735,0.2216632068157196,703
9736,-0.7210364937782288,703
9737,-0.3975840210914612,703
9738,0.7804933786392212,703
9739,0.6108996868133545,703
9740,0.0026474138721823692,703
9741,-1.2581262588500977,703
9742,-0.8351254463195801,703
9743,-0.7178686857223511,703
9744,1.8823320865631104,703
9745,-0.00494655966758728,703
9746,0.25770580768585205,703
9747,-0.19225960969924927,703
9748,0.9858962893486023,703
9749,0.3189096450805664,703
9750,0.9651808142662048,703
9751,-3.640589952468872,703
9752,1.3339158296585083,703
9753,-0.32029053568840027,703
9754,-2.6671879291534424,703
9755,-0.22717313468456268,703
9756,0.0576113760471344,703
9757,-0.18590392172336578,703
9758,-0.7980070114135742,703
9759,0.25586968660354614,703
9760,-0.86815345287323,703
9761,-8.03470230102539,703
9762,-1.6062464714050293,703
9763,-0.8089131712913513,703
9764,-0.45720240473747253,703
9765,-0.2500752806663513,703
9766,0.1557265818119049,703
9767,0.9963723421096802,703
9768,-3.8520960807800293,703
9769,-3.450017213821411,703
9770,0.01792127639055252,703
9771,0.19121864438056946,703
9772,-0.798870861530304,703
9773,0.03326737880706787,703
9774,3.038891077041626,703
9775,1.6170682907104492,703
9776,0.48736509680747986,703
9777,-0.6849037408828735,703
9778,0.3793122470378876,703
9779,-0.47039124369621277,703
9780,-0.37705352902412415,703
9781,0.7051610946655273,703
9782,0.9668207168579102,703
9783,-0.2573823928833008,703
9784,-0.037945233285427094,703
9785,-0.29180213809013367,703
9786,0.05688581243157387,703
9787,1.5549046993255615,703
9788,0.14986911416053772,703
9789,0.33458197116851807,703
9790,0.5857232213020325,703
9791,-2.6155612468719482,703
9792,-0.7097288966178894,703
9793,-0.16888442635536194,703
9794,0.17273548245429993,703
9795,0.10025006532669067,703
9796,0.5155379772186279,703
9797,-0.47584268450737,703
9798,0.06293658167123795,703
9799,0.07155953347682953,703
9800,-0.19057705998420715,703
9801,-0.11321713030338287,703
9802,0.9973176121711731,703
9803,0.16262876987457275,703
9804,-1.878756046295166,703
9805,-0.1695658564567566,703
9806,0.06391631811857224,703
9807,0.5060328245162964,703
9808,0.6073799133300781,703
9809,-2.3349575996398926,703
9810,-1.2543890476226807,703
9811,0.08344704657793045,703
9812,-0.3727026581764221,703
9813,0.15474002063274384,703
9814,0.26661986112594604,703
9815,0.5340275764465332,703
9816,-0.8577407598495483,703
9817,0.14200079441070557,703
9818,-3.0007362365722656,703
9819,-0.11953079700469971,703
9820,0.01803836226463318,703
9821,-0.21014699339866638,703
9822,0.30827730894088745,703
9823,-1.3187603950500488,703
9824,0.30513235926628113,703
9825,2.208307981491089,703
9826,2.078145742416382,703
9827,-1.8252290487289429,703
9828,0.8129198551177979,703
9829,0.68600994348526,703
9830,-0.7200278043746948,703
9831,-3.3009495735168457,703
9832,0.6191010475158691,703
9833,2.065258502960205,703
9834,2.945798397064209,703
9835,0.10098959505558014,703
9836,0.22034189105033875,703
9837,0.33368128538131714,703
9838,0.12578445672988892,703
9839,0.00703015923500061,703
9840,0.06197809427976608,703
9841,-0.05418505519628525,703
9842,0.0047365836799144745,703
9843,-0.32689014077186584,703
9844,-0.8920892477035522,703
9845,-0.009296957403421402,703
9846,-0.3839344382286072,703
9847,-0.15276294946670532,703
9848,-0.25098907947540283,703
9849,2.5850157737731934,703
9850,1.2612884044647217,703
9851,2.1019978523254395,703
9852,-1.0678075551986694,703
9853,-2.2132039070129395,703
9854,0.2591208219528198,703
9855,-0.5360177755355835,703
9856,0.6078419089317322,703
9857,0.08928458392620087,703
9858,-0.7234372496604919,703
9859,-0.23825526237487793,703
9860,3.383268356323242,703
9861,-0.6438588500022888,703
9862,0.12013527750968933,703
9863,7.794962406158447,703
9864,-0.6476502418518066,703
9865,2.3724470138549805,703
9866,1.7836716175079346,703
9867,-2.004098892211914,703
9868,-0.9705169200897217,703
9869,0.589179515838623,703
9870,0.08295563608407974,703
9871,0.4718583822250366,703
9872,0.32356467843055725,703
9873,0.4890095889568329,703
9874,1.1228910684585571,703
9875,2.1070103645324707,703
9876,-0.04191535711288452,703
9877,1.7397704124450684,703
9878,-3.121387481689453,703
9879,0.04915428161621094,703
9880,-1.887016773223877,703
9881,-2.6010656356811523,703
9882,0.26797109842300415,703
9883,-1.5985639095306396,703
9884,5.166004657745361,703
9885,7.818911552429199,703
9886,0.20294824242591858,703
9887,-4.999427795410156,703
9888,0.08393504470586777,703
9889,0.22354364395141602,703
9890,-0.7162703275680542,703
9891,0.7781920433044434,703
9892,0.157709002494812,703
9893,-0.6051871180534363,703
9894,2.6650898456573486,703
9895,0.3196565806865692,703
9896,-4.134844779968262,703
9897,2.853135347366333,703
9898,0.31793591380119324,703
9899,-1.7343552112579346,703
9900,0.22376832365989685,703
9901,0.2501715421676636,703
9902,-0.7740273475646973,703
9903,0.37924450635910034,703
9904,-2.465639114379883,703
9905,10.816282272338867,703
9906,-0.6359541416168213,703
9907,-1.7271801233291626,703
9908,-9.099637985229492,703
9909,-0.03529876470565796,703
9910,0.057391293346881866,703
9911,-0.2845495939254761,703
9912,0.9315569400787354,703
9913,-3.8672854900360107,703
9914,0.1523066759109497,703
9915,-1.463155746459961,703
9916,-1.8090147972106934,703
9917,-2.335087299346924,703
9918,-0.0004159510135650635,703
9919,0.22676905989646912,703
9920,-5.526496887207031,703
9921,0.003957723267376423,703
9922,0.3649790287017822,703
9923,-0.18235865235328674,703
9924,2.166689872741699,703
9925,8.089370727539062,703
9926,-1.3994874954223633,703
9927,-1.1170076131820679,703
9928,-0.6811045408248901,703
9929,1.8329215049743652,703
9930,0.31249821186065674,703
9931,2.5395874977111816,703
9932,-2.5916202068328857,703
9933,0.04585748910903931,703
9934,1.2135016918182373,703
9935,-1.0078338384628296,703
9936,5.177364349365234,703
9937,-4.229538917541504,703
9938,-1.5109238624572754,703
9939,-5.430422782897949,703
9940,-3.321772336959839,703
9941,1.9566344022750854,703
9942,-0.014125511050224304,703
9943,-0.5165740251541138,703
9944,-0.41065314412117004,703
9945,-0.10151515901088715,703
9946,-1.1849563121795654,703
9947,6.737127304077148,703
9948,0.11685016751289368,703
9949,2.3255622386932373,703
9950,-0.30251750349998474,703
9951,1.575042724609375,703
9952,2.0370404720306396,703
9953,0.1259670853614807,703
9954,0.07018117606639862,703
9955,-0.6421116590499878,703
9956,0.9049850106239319,703
9957,1.1936575174331665,703
9958,0.16442006826400757,703
9959,-1.4965028762817383,703
9960,0.36299997568130493,703
9961,-4.419699668884277,703
9962,-2.461392641067505,703
9963,0.07040684670209885,703
9964,3.0701191425323486,703
9965,-7.070074081420898,703
9966,-0.4464244544506073,703
9967,0.2088550329208374,703
9968,0.5502638816833496,703
9969,3.544721841812134,703
9970,0.08438204973936081,703
9971,1.1559648513793945,703
9972,-0.43598324060440063,703
9973,-0.2116999328136444,703
9974,-0.8414781093597412,703
9975,0.7999746799468994,703
9976,1.5383555889129639,703
9977,0.33112287521362305,703
9978,-0.22712914645671844,703
9979,0.9240558743476868,703
9980,-0.8152924180030823,703
9981,0.8041543960571289,703
9982,1.5064301490783691,703
9983,0.589115560054779,703
9984,-0.14282375574111938,703
9985,-1.8610352277755737,703
9986,-0.43390539288520813,703
9987,0.09024527668952942,703
9988,-0.06871402263641357,703
9989,0.4478950798511505,703
9990,-0.058822017163038254,703
9991,-0.20528917014598846,703
9992,-1.1206070184707642,703
9993,-0.8588806390762329,703
9994,2.0474183559417725,703
9995,-1.1915363073349,703
9996,0.2528928220272064,703
9997,1.6504930257797241,703
9998,-1.0832335948944092,703
9999,0.006144784390926361,703
